DATE	cout	rout	upcprc	upevap	speq	upepot
UNITS	m3/s	m3/s	mm	mm	mm	mm
2010-01-01	3.179	0.44	0	0	0.022	0
2010-01-02	3.12	0.422	3.14	0.022	0.022	0.022
2010-01-03	3.059	0.381	0.066	0.008	0.021	0.009
2010-01-04	3.004	0.359	2.143	0.024	0.021	0.025
2010-01-05	2.95	0.334	0.802	0.009	0.021	0.009
2010-01-06	2.894	0.316	0	0.011	0.02	0.011
2010-01-07	2.838	0.291	0	0.01	0.02	0.011
2010-01-08	2.782	0.276	0	0.004	0.019	0.005
2010-01-09	2.726	0.249	0	0.011	0.019	0.011
2010-01-10	2.671	0.236	0	0.01	0.019	0.01
2010-01-11	2.618	0.226	0	0.01	0.018	0.01
2010-01-12	2.569	0.22	1.708	0.015	0.018	0.015
2010-01-13	2.521	0.228	0	0.001	0.018	0.001
2010-01-14	2.484	0.232	4.805	0	0.017	0
2010-01-15	2.445	0.234	0	0	0.017	0
2010-01-16	2.403	0.205	0	0.013	0.017	0.013
2010-01-17	2.361	0.202	0.755	0.016	0.017	0.016
2010-01-18	2.325	0.189	1.995	0.029	0.016	0.03
2010-01-19	2.287	0.159	0	0.007	0.016	0.007
2010-01-20	2.248	0.106	0.448	0.013	0.016	0.013
2010-01-21	2.209	0.104	0	0.017	0.015	0.017
2010-01-22	2.169	0.092	0.106	0.02	0.015	0.02
2010-01-23	2.135	0.096	2.011	0.028	0.015	0.028
2010-01-24	2.11	0.085	5.055	0.018	0.015	0.018
2010-01-25	2.082	0.079	0.031	0.02	0.015	0.02
2010-01-26	2.066	0.092	4.571	0.003	0.014	0.003
2010-01-27	2.044	0.152	0.174	0	0.014	0
2010-01-28	2.018	0.172	0	0.037	0.014	0.037
2010-01-29	1.993	0.151	1.416	0.034	0.014	0.034
2010-01-30	1.965	0.163	0	0.021	0.014	0.021
2010-01-31	1.937	0.164	0.221	0.031	0.014	0.031
2010-02-01	1.907	0.169	0.36	0.038	0.013	0.038
2010-02-02	1.876	0.17	0	0.025	0.013	0.025
2010-02-03	1.846	0.178	0	0.036	0.013	0.036
2010-02-04	1.815	0.182	0	0.035	0.013	0.035
2010-02-05	1.786	0.174	0	0.035	0.013	0.035
2010-02-06	1.758	0.173	1.195	0.042	0.012	0.042
2010-02-07	1.731	0.199	0	0.074	0.012	0.074
2010-02-08	1.704	0.197	0	0.053	0.012	0.053
2010-02-09	1.677	0.196	0	0.048	0.012	0.048
2010-02-10	1.651	0.183	0	0.074	0.012	0.074
2010-02-11	1.625	0.18	0	0.078	0.011	0.078
2010-02-12	1.6	0.176	0	0.073	0.011	0.073
2010-02-13	1.575	0.18	0	0.07	0.011	0.07
2010-02-14	1.556	0.177	2.937	0.111	0.011	0.111
2010-02-15	1.537	0.193	0.015	0.095	0.011	0.095
2010-02-16	1.526	0.167	3.917	0.144	0.011	0.144
2010-02-17	1.519	0.161	2.758	0.2	0.011	0.2
2010-02-18	1.508	0.092	0	0.186	0.011	0.186
2010-02-19	1.495	0.075	0.451	0.237	0.01	0.237
2010-02-20	1.48	0.07	0	0.231	0.01	0.231
2010-02-21	1.466	0.06	0	0.264	0.01	0.264
2010-02-22	1.459	0.079	0	0.186	0.01	0.186
2010-02-23	1.462	0.11	0	0.151	0.01	0.151
2010-02-24	1.471	0.175	0	0.166	0.01	0.166
2010-02-25	1.48	0.156	0	0.165	0.01	0.165
2010-02-26	1.489	0.151	0.662	0.151	0.01	0.151
2010-02-27	1.492	0.149	0.384	0.15	0.01	0.15
2010-02-28	1.497	0.164	2.396	0.197	0.01	0.197
2010-03-01	1.495	0.162	0	0.165	0.01	0.165
2010-03-02	1.488	0.154	0	0.14	0.01	0.14
2010-03-03	1.478	0.159	0.529	0.16	0.01	0.16
2010-03-04	1.465	0.17	0	0.18	0.01	0.18
2010-03-05	1.449	0.173	0	0.202	0.01	0.202
2010-03-06	1.432	0.178	0	0.216	0.01	0.216
2010-03-07	1.414	0.204	0.004	0.162	0.01	0.162
2010-03-08	1.396	0.204	0	0.174	0.01	0.174
2010-03-09	1.377	0.202	0	0.233	0.01	0.233
2010-03-10	1.358	0.204	0.007	0.314	0.01	0.314
2010-03-11	1.339	0.217	0	0.359	0.009	0.359
2010-03-12	1.334	0.164	6.031	0.391	0.009	0.391
2010-03-13	1.339	0.031	0.064	0.317	0.009	0.317
2010-03-14	1.351	0.117	0.185	0.393	0.009	0.393
2010-03-15	1.369	0.202	1.619	0.448	0.01	0.448
2010-03-16	1.429	0.184	0.519	0.402	0.01	0.402
2010-03-17	1.537	0.207	4.161	0.392	0.011	0.392
2010-03-18	1.647	0.214	0	0.288	0.012	0.288
2010-03-19	1.741	0.217	0	0.352	0.012	0.352
2010-03-20	1.814	0.214	0	0.456	0.013	0.456
2010-03-21	1.875	0.279	0	0.439	0.013	0.439
2010-03-22	1.955	0.459	0	0.492	0.014	0.492
2010-03-23	2.07	0.406	1.781	0.443	0.014	0.443
2010-03-24	2.21	0.141	0.175	0.524	0.015	0.524
2010-03-25	2.367	0.23	0.771	0.461	0.017	0.461
2010-03-26	2.513	0.392	0	0.457	0.018	0.457
2010-03-27	2.631	0.434	0.543	0.46	0.018	0.46
2010-03-28	2.717	0.487	0.013	0.551	0.019	0.551
2010-03-29	2.842	0.743	7.608	0.505	0.02	0.505
2010-03-30	3.064	1.21	0.342	0.531	0.021	0.531
2010-03-31	3.812	2.25	0	0.61	0.027	0.61
2010-04-01	4.91	2.7	1.659	0.443	0.034	0.446
2010-04-02	6.11	2	2.649	0.322	0.043	0.323
2010-04-03	7.252	1.55	0	0.351	0.051	0.351
2010-04-04	8.205	1.57	0	0.443	0.057	0.443
2010-04-05	8.934	1.3	0	0.489	0.063	0.489
2010-04-06	9.401	1.04	0	0.572	0.066	0.572
2010-04-07	9.627	0.882	0	0.607	0.067	0.609
2010-04-08	9.755	0.846	0	0.661	0.068	0.669
2010-04-09	9.878	1.03	0.953	0.622	0.069	0.642
2010-04-10	10.045	1.77	0	0.706	0.07	0.747
2010-04-11	10.259	2.32	0	0.871	0.072	0.957
2010-04-12	11.51	3.1	0	0.854	0.081	1.141
2010-04-13	14.132	3.93	1.29	0.509	0.099	1.331
2010-04-14	19.634	6.09	0.01	0.448	0.137	2.21
2010-04-15	29.23	6.89	0.247	0.093	0.205	2.703
2010-04-16	40.491	8.1	0	0.042	0.284	2.503
2010-04-17	51.287	8.72	0	0.033	0.359	2.446
2010-04-18	60.43	9.47	0	0.035	0.423	2.568
2010-04-19	67.472	12.6	0	0.034	0.472	2.489
2010-04-20	72.414	16.5	0.01	0.04	0.507	2.685
2010-04-21	75.625	18.4	0	0.047	0.53	3.044
2010-04-22	77.264	21.3	0	0.066	0.541	4.079
2010-04-23	77.736	22.7	0	0.956	0.544	4.616
2010-04-24	77.572	22.1	0	1.689	0.543	4.451
2010-04-25	77.078	21.4	0	1.619	0.54	3.194
2010-04-26	76.302	19	0	1.602	0.534	3.09
2010-04-27	75.207	16.7	0	2.035	0.527	3.871
2010-04-28	73.799	15.4	0	2.358	0.517	4.345
2010-04-29	72.102	14.2	4.287	2.21	0.505	4.024
2010-04-30	70.244	12.6	0	2.157	0.492	3.611
2010-05-01	68.342	11.2	0	2.793	0.479	4.726
2010-05-02	66.379	10.6	0	2.748	0.465	4.701
2010-05-03	64.22	9.23	0.007	3.279	0.45	5.585
2010-05-04	62.432	8.09	12.987	2.788	0.437	4.832
2010-05-05	61.097	7.41	0.019	2.208	0.428	3.086
2010-05-06	59.839	6.63	1.441	1.984	0.419	2.832
2010-05-07	58.58	6.14	0	1.522	0.41	2.177
2010-05-08	57.152	5.61	0	1.765	0.4	2.594
2010-05-09	55.771	5.06	0	1.873	0.391	2.832
2010-05-10	54.247	4.71	1.446	2.011	0.38	3.126
2010-05-11	52.621	4.37	0	2.757	0.368	4.272
2010-05-12	50.984	4.04	0	2.615	0.357	4.195
2010-05-13	49.573	3.8	0.201	2.758	0.347	4.534
2010-05-14	48.222	3.49	0	3.176	0.338	5.346
2010-05-15	46.809	3.18	0.175	2.878	0.328	5.008
2010-05-16	45.35	3.13	2.619	1.639	0.318	2.923
2010-05-17	43.894	3.1	2.146	1.421	0.307	2.448
2010-05-18	42.478	2.96	0.006	1.729	0.297	2.893
2010-05-19	41.128	2.93	0	2.093	0.288	3.579
2010-05-20	39.867	2.79	0.107	2.042	0.279	3.587
2010-05-21	38.679	2.67	1.21	2.422	0.271	4.364
2010-05-22	37.538	2.59	0	2.745	0.263	4.948
2010-05-23	36.439	2.48	0.801	2.796	0.255	5.228
2010-05-24	35.393	2.38	4.677	2.461	0.248	4.675
2010-05-25	34.39	2.28	0	3.478	0.241	6.079
2010-05-26	33.433	2.21	0	3.206	0.234	5.884
2010-05-27	32.521	2.08	0.827	2.916	0.228	5.602
2010-05-28	31.668	1.97	8.537	2.427	0.222	4.759
2010-05-29	30.909	1.95	10.375	1.441	0.216	2.401
2010-05-30	30.179	1.91	3.426	1.796	0.211	2.512
2010-05-31	29.451	1.96	0.221	2.98	0.206	4.017
2010-06-01	28.729	1.96	0.102	3.427	0.201	4.746
2010-06-02	28.025	1.97	0.659	3.274	0.196	4.73
2010-06-03	27.342	1.99	0	3.753	0.191	5.602
2010-06-04	26.659	2.05	0	3.695	0.187	5.805
2010-06-05	25.966	2.13	7.741	3.324	0.182	5.498
2010-06-06	25.203	2.11	0.759	3.36	0.176	4.923
2010-06-07	24.37	2.05	0	2.962	0.171	4.479
2010-06-08	23.501	2.05	0	2.852	0.165	4.507
2010-06-09	22.584	2.01	0	2.755	0.158	4.56
2010-06-10	21.651	2.33	0.233	3.297	0.152	5.698
2010-06-11	20.764	2.69	0.007	2.956	0.145	5.356
2010-06-12	19.951	2.62	0	3.187	0.14	6.055
2010-06-13	19.231	2.27	3.795	2.921	0.135	5.849
2010-06-14	18.59	1.98	0.2	2.898	0.13	5.486
2010-06-15	17.974	1.74	0	3.101	0.126	6.113
2010-06-16	17.413	1.55	7.767	2.632	0.122	5.479
2010-06-17	16.891	1.36	0	2.64	0.118	4.642
2010-06-18	16.452	1.19	0	2.748	0.115	5.044
2010-06-19	16.471	1.05	8.137	2.698	0.115	5.196
2010-06-20	16.316	0.92	0	3.011	0.114	4.991
2010-06-21	15.858	0.795	0	3.228	0.111	5.6
2010-06-22	15.306	0.728	2.607	3.058	0.107	5.596
2010-06-23	14.793	0.659	7.068	3.552	0.104	6.388
2010-06-24	14.332	0.565	0	2.799	0.1	4.501
2010-06-25	13.914	0.466	0	3.04	0.097	5.116
2010-06-26	13.527	0.424	0.565	2.951	0.095	5.207
2010-06-27	13.165	0.409	0.01	3.299	0.092	6.036
2010-06-28	12.825	0.386	3.558	2.489	0.09	4.805
2010-06-29	12.504	0.363	0	3.024	0.088	5.554
2010-06-30	12.198	0.336	0	2.929	0.085	5.677
2010-07-01	11.906	0.288	0	2.975	0.083	6.085
2010-07-02	11.655	0.316	14.17	2.76	0.082	5.966
2010-07-03	11.416	0.263	1.825	3.101	0.08	4.831
2010-07-04	11.179	0.177	0	3.765	0.078	5.93
2010-07-05	10.94	0.147	0	3.88	0.077	6.487
2010-07-06	10.726	0.145	8.771	2.91	0.075	5.204
2010-07-07	10.513	0.151	0	3.196	0.074	4.873
2010-07-08	10.297	0.121	0.031	3.483	0.072	5.607
2010-07-09	10.084	0.086	0	3.01	0.071	5.136
2010-07-10	9.877	0.068	1.29	3.117	0.069	5.616
2010-07-11	9.671	0.063	0.109	3.491	0.068	6.436
2010-07-12	9.467	0.061	0	3.153	0.066	6.184
2010-07-13	9.269	0.063	0.005	2.48	0.065	5.169
2010-07-14	9.075	0.064	0	2.473	0.064	5.411
2010-07-15	8.913	0.062	11.209	1.964	0.062	4.516
2010-07-16	11.123	0.144	20.975	2.823	0.078	4.867
2010-07-17	17.662	13.8	36.73	3.251	0.124	4.138
2010-07-18	26.758	31.5	0.733	4.233	0.187	5.021
2010-07-19	32.769	30.7	0	4.592	0.229	5.451
2010-07-20	35.026	20.9	0.145	4.786	0.245	5.904
2010-07-21	35.089	12.4	0	3.934	0.246	5.18
2010-07-22	34.339	9	10.344	3.316	0.24	4.634
2010-07-23	32.949	7.23	0.728	4.55	0.231	5.611
2010-07-24	31.179	5.9	0	4.396	0.218	5.66
2010-07-25	29.276	5.02	0	3.937	0.205	5.408
2010-07-26	27.42	4.73	0.004	3.781	0.192	5.516
2010-07-27	25.758	4.37	0.807	3.349	0.18	5.183
2010-07-28	24.275	3.7	5.302	3.23	0.17	5.192
2010-07-29	22.924	3.12	0	3.225	0.161	4.851
2010-07-30	21.705	2.68	1.426	3.205	0.152	5.085
2010-07-31	20.636	2.33	1.608	3.27	0.145	5.303
2010-08-01	19.677	2.08	2.754	2.905	0.138	4.799
2010-08-02	18.818	1.84	4.386	2.854	0.132	4.655
2010-08-03	18.047	1.6	0	3.323	0.126	5.125
2010-08-04	17.366	1.45	0.904	3.235	0.122	5.273
2010-08-05	16.766	1.2	0	2.854	0.117	4.816
2010-08-06	16.236	0.999	2.567	3.177	0.114	5.638
2010-08-07	15.76	0.899	1.521	3.122	0.11	5.493
2010-08-08	15.313	0.721	0	2.448	0.107	4.389
2010-08-09	14.848	0.594	0	2.406	0.104	4.517
2010-08-10	14.404	0.498	0	2.275	0.101	4.472
2010-08-11	14.035	0.622	0	2.284	0.098	4.703
2010-08-12	13.645	0.559	4.449	2.187	0.096	4.72
2010-08-13	13.255	0.452	0	2.297	0.093	4.535
2010-08-14	12.883	0.323	0.106	2.5	0.09	5.159
2010-08-15	12.537	0.244	0.671	2.425	0.088	5.247
2010-08-16	12.212	0.209	0	2.035	0.086	4.528
2010-08-17	11.906	0.175	0.533	2.018	0.083	4.695
2010-08-18	11.623	0.132	3.041	2.095	0.081	4.995
2010-08-19	11.35	0.089	0	2.014	0.079	4.533
2010-08-20	11.085	0.066	0	1.92	0.078	4.513
2010-08-21	10.846	0.069	8.525	1.72	0.076	4.216
2010-08-22	10.612	0.071	0.297	1.822	0.074	3.531
2010-08-23	10.38	0.063	0.046	1.792	0.073	3.573
2010-08-24	10.154	0.066	0.139	1.701	0.071	3.52
2010-08-25	9.939	0.073	1.281	1.485	0.07	3.175
2010-08-26	9.729	0.062	0	1.302	0.068	2.766
2010-08-27	9.524	0.059	0	1.357	0.067	2.971
2010-08-28	9.326	0.068	0.957	1.337	0.065	3.025
2010-08-29	9.131	0.059	0	1.6	0.064	3.621
2010-08-30	8.941	0.05	0.004	1.296	0.063	3.034
2010-08-31	8.773	0.042	6.659	1.054	0.061	2.54
2010-09-01	8.607	0.047	0.959	1.446	0.06	2.899
2010-09-02	8.439	0.061	0	1.647	0.059	3.311
2010-09-03	8.27	0.054	0	1.835	0.058	3.818
2010-09-04	8.102	0.041	0	1.859	0.057	4.019
2010-09-05	7.946	0.028	4.822	1.072	0.056	2.41
2010-09-06	7.798	0.026	1.602	1.047	0.055	2.082
2010-09-07	7.649	0.037	0	1.595	0.054	3.1
2010-09-08	7.499	0.051	0	1.846	0.053	3.71
2010-09-09	7.351	0.056	0	1.83	0.051	3.816
2010-09-10	7.204	0.059	0	1.635	0.05	3.539
2010-09-11	7.103	0.078	12.526	1.338	0.05	2.994
2010-09-12	6.996	0.071	0	1.556	0.049	2.546
2010-09-13	6.882	0.056	0.761	1.314	0.048	2.214
2010-09-14	6.764	0.05	0	1.081	0.047	1.838
2010-09-15	6.645	0.046	0	1.214	0.047	2.116
2010-09-16	6.526	0.047	0.253	1.184	0.046	2.121
2010-09-17	6.408	0.053	0	1.204	0.045	2.196
2010-09-18	6.291	0.042	0	1.27	0.044	2.378
2010-09-19	6.177	0.044	0	1.128	0.043	2.163
2010-09-20	6.065	0.052	0	1.117	0.042	2.191
2010-09-21	5.955	0.055	0	1.189	0.042	2.391
2010-09-22	5.855	0.051	5.081	1.157	0.041	2.386
2010-09-23	5.757	0.053	0	1.075	0.04	1.971
2010-09-24	5.658	0.058	0	1.04	0.04	1.948
2010-09-25	5.561	0.064	0	1.022	0.039	1.959
2010-09-26	5.466	0.061	0	1.082	0.038	2.117
2010-09-27	5.374	0.065	1.084	0.713	0.038	1.425
2010-09-28	7.439	0.05	27.41	0.529	0.052	1.043
2010-09-29	9.788	0.069	7.699	0.795	0.069	1.065
2010-09-30	11.598	0.068	0.805	0.747	0.081	0.972
2010-10-01	12.689	0.064	0.2	0.825	0.089	1.074
2010-10-02	13.075	0.067	0.015	0.749	0.092	0.985
2010-10-03	12.916	0.055	3.117	0.92	0.09	1.217
2010-10-04	12.426	0.08	6.23	0.931	0.087	1.23
2010-10-05	11.761	0.07	0	0.673	0.082	0.881
2010-10-06	11.052	0.084	0	0.697	0.077	0.919
2010-10-07	10.377	0.125	0	0.761	0.073	1.01
2010-10-08	9.774	0.152	0	0.823	0.068	1.099
2010-10-09	9.256	0.23	1.572	0.811	0.065	1.085
2010-10-10	8.817	0.199	0.007	0.747	0.062	0.998
2010-10-11	8.447	0.177	0	0.699	0.059	0.94
2010-10-12	8.134	0.185	0.328	0.74	0.057	1.003
2010-10-13	7.864	0.211	0	0.764	0.055	1.038
2010-10-14	7.629	0.227	0	0.838	0.053	1.147
2010-10-15	7.421	0.235	0	0.682	0.052	0.938
2010-10-16	7.243	0.231	3.689	0.619	0.051	0.86
2010-10-17	7.092	0.245	4.276	0.611	0.05	0.814
2010-10-18	6.952	0.263	1.188	0.412	0.049	0.675
2010-10-19	6.817	0.303	0.252	0.021	0.048	0.576
2010-10-20	6.687	0.325	0	0.026	0.047	0.548
2010-10-21	6.56	0.316	0	0.418	0.046	0.554
2010-10-22	6.435	0.31	0	0.397	0.045	0.534
2010-10-23	6.313	0.293	0	0.513	0.044	0.704
2010-10-24	6.194	0.299	0.008	0.41	0.043	0.558
2010-10-25	6.078	0.635	0	0.421	0.043	0.569
2010-10-26	5.965	0.516	0	0.501	0.042	0.675
2010-10-27	5.854	0.372	0.027	0.396	0.041	0.532
2010-10-28	5.875	0.283	5.71	0.45	0.041	0.603
2010-10-29	5.836	0.286	0	0.139	0.041	0.451
2010-10-30	5.754	0.316	0	0	0.04	0.338
2010-10-31	5.654	0.353	0	0.27	0.04	0.366
2010-11-01	5.549	0.373	0	0.265	0.039	0.361
2010-11-02	5.45	0.38	1.188	0	0.038	0.337
2010-11-03	5.354	0.465	0	0.012	0.037	0.235
2010-11-04	5.26	0.521	0	0.01	0.037	0.191
2010-11-05	5.17	0.449	0	0.012	0.036	0.23
2010-11-06	5.085	0.386	1.07	0.012	0.036	0.241
2010-11-07	5.003	0.362	0.72	0.031	0.035	0.299
2010-11-08	4.924	0.343	0	0.036	0.034	0.258
2010-11-09	4.845	0.265	0	0.026	0.034	0.195
2010-11-10	4.768	0.224	0	0.032	0.033	0.236
2010-11-11	4.693	0.23	0	0.016	0.033	0.126
2010-11-12	4.619	0.345	0	0.012	0.032	0.092
2010-11-13	4.547	0.332	0	0.018	0.032	0.134
2010-11-14	4.477	0.316	0	0.005	0.031	0.036
2010-11-15	4.408	0.317	0	0.011	0.031	0.087
2010-11-16	4.341	0.404	0	0.017	0.03	0.129
2010-11-17	4.276	0.414	0.447	0.02	0.03	0.156
2010-11-18	4.213	0.4	0	0.024	0.029	0.128
2010-11-19	4.151	0.398	0.154	0.031	0.029	0.213
2010-11-20	4.09	0.395	0.021	0.004	0.029	0.028
2010-11-21	4.031	0.388	0	0.007	0.028	0.046
2010-11-22	3.973	0.354	0	0.007	0.028	0.048
2010-11-23	3.916	0.326	0	0.009	0.027	0.059
2010-11-24	3.861	0.307	0	0.011	0.027	0.072
2010-11-25	3.807	0.306	0	0.008	0.027	0.056
2010-11-26	3.754	0.287	0	0.006	0.026	0.043
2010-11-27	3.702	0.267	0	0	0.026	0
2010-11-28	3.651	0.264	0	0.009	0.026	0.056
2010-11-29	3.601	0.248	0	0.015	0.025	0.098
2010-11-30	3.552	0.242	0	0.011	0.025	0.073
2010-12-01	3.505	0.198	0	0.018	0.025	0.119
2010-12-02	3.479	0.182	10.049	0.022	0.024	0.148
2010-12-03	3.451	0.201	1.196	0.06	0.024	0.083
2010-12-04	3.421	0.187	0.677	0.037	0.024	0.048
2010-12-05	3.388	0.181	0	0.012	0.024	0.015
2010-12-06	3.352	0.166	0	0.001	0.023	0.001
2010-12-07	3.315	0.17	0.278	0.02	0.023	0.025
2010-12-08	3.276	0.198	0	0.005	0.023	0.006
2010-12-09	3.237	0.194	0	0	0.023	0
2010-12-10	3.198	0.215	0	0	0.022	0
2010-12-11	3.159	0.208	0	0	0.022	0
2010-12-12	3.121	0.207	0	0	0.022	0
2010-12-13	3.083	0.215	0.864	0.019	0.022	0.023
2010-12-14	3.045	0.207	0.009	0.029	0.021	0.035
2010-12-15	3.009	0.195	0	0.04	0.021	0.049
2010-12-16	2.975	0.193	0.597	0.014	0.021	0.017
2010-12-17	2.942	0.209	0.176	0.028	0.021	0.034
2010-12-18	2.91	0.198	0.192	0.052	0.02	0.061
2010-12-19	2.877	0.194	0	0.028	0.02	0.033
2010-12-20	2.844	0.193	0	0.046	0.02	0.054
2010-12-21	2.811	0.19	0.075	0.051	0.02	0.06
2010-12-22	2.79	0.206	6.084	0.019	0.02	0.022
2010-12-23	2.771	0.221	1.794	0.043	0.019	0.045
2010-12-24	2.749	0.215	0	0.013	0.019	0.013
2010-12-25	2.726	0.212	0	0	0.019	0
2010-12-26	2.7	0.217	0	0.005	0.019	0.005
2010-12-27	2.674	0.224	0.09	0.01	0.019	0.01
2010-12-28	2.647	0.227	0	0.028	0.019	0.029
2010-12-29	2.62	0.231	0	0	0.018	0
2010-12-30	2.592	0.215	0	0	0.018	0
2010-12-31	2.566	0.178	0.561	0	0.018	0
2011-01-01	2.54	0.203	0	0.009	0.018	0.01
2011-01-02	2.514	0.192	0	0.01	0.018	0.011
2011-01-03	2.496	0.195	3.536	0.053	0.017	0.055
2011-01-04	2.477	0.236	0.448	0.06	0.017	0.061
2011-01-05	2.456	0.276	0	0.049	0.017	0.05
2011-01-06	2.435	0.255	0	0.058	0.017	0.059
2011-01-07	2.412	0.256	0	0.054	0.017	0.055
2011-01-08	2.39	0.262	0	0	0.017	0
2011-01-09	2.367	0.265	0.375	0.061	0.017	0.062
2011-01-10	2.347	0.255	1.068	0.037	0.016	0.037
2011-01-11	2.327	0.247	0	0	0.016	0
2011-01-12	2.308	0.251	0.326	0	0.016	0
2011-01-13	2.291	0.252	1.201	0.04	0.016	0.04
2011-01-14	2.273	0.252	0	0.042	0.016	0.042
2011-01-15	2.253	0.248	0	0	0.016	0
2011-01-16	2.233	0.253	0	0	0.016	0
2011-01-17	2.213	0.243	0	0.021	0.015	0.021
2011-01-18	2.192	0.236	0	0.02	0.015	0.02
2011-01-19	2.172	0.248	0	0.067	0.015	0.067
2011-01-20	2.154	0.256	1.466	0.084	0.015	0.085
2011-01-21	2.142	0.267	3.012	0.093	0.015	0.093
2011-01-22	2.129	0.268	0	0.087	0.015	0.087
2011-01-23	2.117	0.273	1.383	0.077	0.015	0.077
2011-01-24	2.105	0.27	1.117	0.014	0.015	0.014
2011-01-25	2.092	0.26	0	0.015	0.015	0.015
2011-01-26	2.077	0.255	0	0.019	0.015	0.019
2011-01-27	2.064	0.261	1.556	0.01	0.014	0.01
2011-01-28	2.05	0.268	0	0.093	0.014	0.094
2011-01-29	2.035	0.196	0	0.07	0.014	0.07
2011-01-30	2.018	0.169	0	0.039	0.014	0.039
2011-01-31	2.002	0.162	0	0.057	0.014	0.057
2011-02-01	1.986	0.165	0.856	0.085	0.014	0.085
2011-02-02	1.97	0.164	0	0.038	0.014	0.038
2011-02-03	1.953	0.205	0.183	0.051	0.014	0.051
2011-02-04	1.937	0.272	0.568	0.04	0.014	0.04
2011-02-05	1.921	0.279	0	0.033	0.013	0.033
2011-02-06	1.906	0.278	0	0.038	0.013	0.038
2011-02-07	1.89	0.293	0	0.071	0.013	0.071
2011-02-08	1.874	0.294	0	0.053	0.013	0.053
2011-02-09	1.86	0.297	0.808	0.073	0.013	0.073
2011-02-10	1.847	0.308	0.878	0.132	0.013	0.132
2011-02-11	1.834	0.314	0	0.128	0.013	0.128
2011-02-12	1.821	0.316	0	0.131	0.013	0.131
2011-02-13	1.81	0.312	1.79	0.192	0.013	0.192
2011-02-14	1.804	0.315	1.661	0.171	0.013	0.172
2011-02-15	1.795	0.315	0	0.178	0.013	0.178
2011-02-16	1.785	0.314	0	0.158	0.012	0.158
2011-02-17	1.773	0.303	0.532	0.111	0.012	0.111
2011-02-18	1.774	0.311	6.294	0.102	0.012	0.102
2011-02-19	1.774	0.315	0.387	0.126	0.012	0.126
2011-02-20	1.769	0.315	0	0.153	0.012	0.153
2011-02-21	1.762	0.325	0.146	0.229	0.012	0.229
2011-02-22	1.753	0.327	0	0.229	0.012	0.229
2011-02-23	1.741	0.322	0	0.216	0.012	0.216
2011-02-24	1.729	0.29	0	0.2	0.012	0.2
2011-02-25	1.715	0.265	0	0.247	0.012	0.247
2011-02-26	1.708	0.257	2.809	0.285	0.012	0.285
2011-02-27	1.705	0.249	2.941	0.25	0.012	0.25
2011-02-28	1.7	0.247	0.123	0.149	0.012	0.149
2011-03-01	1.698	0.28	2.702	0.2	0.012	0.2
2011-03-02	1.693	0.334	0.23	0.237	0.012	0.237
2011-03-03	1.687	0.342	1.365	0.236	0.012	0.236
2011-03-04	1.678	0.346	0	0.28	0.012	0.28
2011-03-05	1.671	0.34	1.633	0.296	0.012	0.296
2011-03-06	1.678	0.335	7.699	0.246	0.012	0.246
2011-03-07	1.698	0.334	7.452	0.153	0.012	0.153
2011-03-08	1.709	0.328	0	0.215	0.012	0.215
2011-03-09	1.712	0.294	0	0.239	0.012	0.239
2011-03-10	1.711	0.316	0.257	0.3	0.012	0.3
2011-03-11	1.705	0.317	0	0.419	0.012	0.419
2011-03-12	1.704	0.308	4.161	0.409	0.012	0.409
2011-03-13	1.704	0.297	1.125	0.341	0.012	0.341
2011-03-14	1.699	0.287	0	0.341	0.012	0.341
2011-03-15	1.69	0.265	0.033	0.268	0.012	0.268
2011-03-16	1.678	0.261	0.164	0.322	0.012	0.322
2011-03-17	1.666	0.258	0.716	0.342	0.012	0.342
2011-03-18	1.651	0.257	0	0.286	0.012	0.286
2011-03-19	1.637	0.233	0	0.264	0.011	0.264
2011-03-20	1.621	0.23	0	0.279	0.011	0.279
2011-03-21	1.606	0.222	0	0.297	0.011	0.297
2011-03-22	1.591	0.202	0	0.308	0.011	0.308
2011-03-23	1.576	0.115	0	0.32	0.011	0.32
2011-03-24	1.562	0.146	0.553	0.439	0.011	0.439
2011-03-25	1.557	0.262	3.967	0.485	0.011	0.485
2011-03-26	1.551	0.288	0	0.38	0.011	0.38
2011-03-27	1.543	0.303	0	0.417	0.011	0.417
2011-03-28	1.534	0.332	0	0.504	0.011	0.504
2011-03-29	1.524	0.37	0	0.553	0.011	0.553
2011-03-30	1.517	0.43	1.969	0.585	0.011	0.585
2011-03-31	1.521	0.556	4.501	0.488	0.011	0.488
2011-04-01	1.523	0.557	0	0.647	0.011	0.647
2011-04-02	1.523	0.5	0	0.611	0.011	0.611
2011-04-03	1.52	0.474	0	0.619	0.011	0.619
2011-04-04	1.515	0.474	0	0.703	0.011	0.703
2011-04-05	1.509	0.462	0	0.784	0.011	0.784
2011-04-06	1.506	0.464	0	0.781	0.011	0.781
2011-04-07	1.504	0.48	0	0.794	0.011	0.794
2011-04-08	1.524	0.51	0	0.819	0.011	0.819
2011-04-09	1.573	0.56	0	0.833	0.011	0.833
2011-04-10	1.642	0.6	0	0.672	0.011	0.763
2011-04-11	1.677	0.6	0.842	0.501	0.012	0.605
2011-04-12	1.683	0.58	0	0.539	0.012	0.659
2011-04-13	1.669	0.59	0	0.515	0.012	0.649
2011-04-14	1.645	0.62	0	0.62	0.012	0.805
2011-04-15	1.615	0.708	0.041	0.593	0.011	0.817
2011-04-16	1.586	0.724	0.044	0.54	0.011	0.802
2011-04-17	1.557	0.761	0.018	0.534	0.011	0.838
2011-04-18	1.531	0.982	0	0.666	0.011	1.123
2011-04-19	1.563	2.39	0	0.664	0.011	1.381
2011-04-20	2.007	11.3	0	0.549	0.014	2.207
2011-04-21	2.617	17.5	0	0.215	0.018	2.858
2011-04-22	3.276	24.6	0	0.097	0.023	3.158
2011-04-23	3.92	31	0	0.045	0.027	3.721
2011-04-24	4.469	46	0	0.036	0.031	3.907
2011-04-25	4.851	65.9	1.441	0.081	0.034	4.081
2011-04-26	5.14	83.9	0.408	0.21	0.036	3.101
2011-04-27	5.349	105	0.181	0.002	0.037	1.508
2011-04-28	5.481	119	0.211	0.014	0.038	1.519
2011-04-29	5.545	127	0	0.038	0.039	2.31
2011-04-30	5.556	122	0	0.138	0.039	2.829
2011-05-01	5.54	105	0	0.234	0.039	3.543
2011-05-02	5.513	90.7	0.517	0.572	0.039	3.559
2011-05-03	5.504	81.3	0	0.999	0.039	3.232
2011-05-04	5.494	72.8	0.05	1.279	0.038	3.195
2011-05-05	5.471	64.3	0	1.58	0.038	3.626
2011-05-06	5.431	55.5	0	1.702	0.038	3.613
2011-05-07	5.374	47.4	0	1.883	0.038	3.935
2011-05-08	5.341	40.4	0.858	1.993	0.037	4.185
2011-05-09	5.283	35.1	10.27	2.219	0.037	4.474
2011-05-10	6.093	31.4	15.189	2.106	0.043	3.527
2011-05-11	7.705	28.6	1.177	0	0.054	2.503
2011-05-12	9.486	26.4	8.977	0.098	0.066	1.938
2011-05-13	11.096	24.7	7.258	0.772	0.078	1.13
2011-05-14	12.39	22.5	1.839	1.052	0.087	1.368
2011-05-15	13.357	21.8	0	0.934	0.094	1.207
2011-05-16	14.027	22	0	1.298	0.098	1.527
2011-05-17	14.839	23.2	0	1.179	0.104	2.248
2011-05-18	16.366	24.6	3.415	2.572	0.115	4.055
2011-05-19	18.268	25.9	0	2.803	0.128	4.255
2011-05-20	20.133	25.9	1.314	2.754	0.141	4.016
2011-05-21	21.725	25.9	2.186	2.869	0.152	4.114
2011-05-22	22.936	26.3	0	3.181	0.161	4.445
2011-05-23	23.771	25.2	0.471	2.488	0.166	3.576
2011-05-24	24.223	23.1	0.029	2.515	0.17	3.666
2011-05-25	24.315	21.7	0	3.402	0.17	5.118
2011-05-26	24.112	20	0	3.627	0.169	5.665
2011-05-27	23.701	18.3	0	3.648	0.166	5.88
2011-05-28	23.164	16.8	0	3.373	0.162	5.641
2011-05-29	22.565	15	0	2.942	0.158	5.123
2011-05-30	21.962	13.4	0	2.196	0.154	3.979
2011-05-31	21.357	12.5	0	2.648	0.15	4.952
2011-06-01	20.749	11.4	0.01	2.473	0.145	4.807
2011-06-02	20.195	10.5	10.46	2.317	0.141	4.658
2011-06-03	19.671	9.88	3.655	2.139	0.138	3.441
2011-06-04	19.152	9.83	0.91	2.335	0.134	3.576
2011-06-05	18.638	9.77	0	2.835	0.131	4.411
2011-06-06	18.178	9.74	0	3.368	0.127	5.46
2011-06-07	17.706	9.63	2.261	3.439	0.124	5.841
2011-06-08	17.182	9.16	1.183	3.252	0.12	5.496
2011-06-09	16.614	8.55	2.881	3.412	0.116	5.86
2011-06-10	16.024	8.2	0.021	3.768	0.112	6.348
2011-06-11	15.439	7.72	0	3.917	0.108	6.931
2011-06-12	15.072	7.6	16.2	2.967	0.106	5.564
2011-06-13	14.804	7.5	0	3.104	0.104	4.232
2011-06-14	14.532	7.68	1.074	3.477	0.102	4.951
2011-06-15	14.226	7.65	0	2.719	0.1	3.979
2011-06-16	13.837	7.31	0	3.674	0.097	5.602
2011-06-17	13.385	7.15	0	3.907	0.094	6.299
2011-06-18	12.912	7.67	0.256	3.711	0.09	6.346
2011-06-19	12.466	7.38	5.194	3.321	0.087	5.97
2011-06-20	12.055	7.03	0	3.521	0.084	5.858
2011-06-21	11.656	6.39	0	3.367	0.082	5.919
2011-06-22	11.307	6.11	3.863	3.102	0.079	5.757
2011-06-23	10.885	5.79	0	3.25	0.076	5.742
2011-06-24	10.467	5.32	1.171	2.781	0.073	5.184
2011-06-25	10.508	6.79	10.062	2.775	0.074	5.235
2011-06-26	10.456	7.19	0.006	3.564	0.073	5.518
2011-06-27	10.197	5.32	0	2.706	0.071	4.429
2011-06-28	9.824	4.86	0	3.254	0.069	5.573
2011-06-29	9.452	11.5	0.049	3.029	0.066	5.473
2011-06-30	9.132	14.5	8.004	2.781	0.064	5.257
2011-07-01	8.859	13.9	5.641	2.35	0.062	3.811
2011-07-02	8.785	12.2	12.312	2.331	0.062	3.468
2011-07-03	9.645	11.4	15.14	2.705	0.068	3.361
2011-07-04	10.789	11.4	1.993	3.853	0.076	4.528
2011-07-05	11.588	12.3	0	4.466	0.081	5.263
2011-07-06	11.943	13.4	0	5.504	0.084	6.735
2011-07-07	11.925	14.8	1.303	4.794	0.084	6.324
2011-07-08	11.645	15.2	0	5.031	0.082	6.917
2011-07-09	11.792	15.1	14.193	3.781	0.083	5.602
2011-07-10	15.787	18.4	36.944	4.955	0.111	6.069
2011-07-11	20.798	21.3	5.423	4.304	0.146	4.914
2011-07-12	25.064	17.3	0	5.163	0.176	5.875
2011-07-13	28.12	13.6	0	5.378	0.197	6.281
2011-07-14	29.895	11.5	0.081	5.267	0.209	6.596
2011-07-15	30.92	10.5	12.964	5.227	0.217	7.023
2011-07-16	33.411	10.3	20.862	3.847	0.234	4.631
2011-07-17	35.459	10.5	0	4.638	0.248	5.214
2011-07-18	36.256	10	0	4.763	0.254	5.461
2011-07-19	36.161	9.57	0	5.004	0.253	6.101
2011-07-20	35.676	9.09	10.666	4.915	0.25	6.406
2011-07-21	35.28	8.96	12.945	4.601	0.247	5.451
2011-07-22	34.886	8.63	0	4.822	0.244	5.435
2011-07-23	34.417	8.62	0	4.29	0.241	4.98
2011-07-24	33.847	8.53	0	4.678	0.237	5.74
2011-07-25	33.138	8.25	0	4.227	0.232	5.529
2011-07-26	32.283	8.08	2.852	4.101	0.226	5.687
2011-07-27	31.299	7.86	0	4.386	0.219	6.079
2011-07-28	30.237	7.67	0	3.537	0.212	5.232
2011-07-29	29.142	7.74	1.267	3.189	0.204	4.981
2011-07-30	28.02	7.64	0.995	2.906	0.196	4.635
2011-07-31	26.886	7	0	3.324	0.188	5.407
2011-08-01	25.725	6.45	0	3.389	0.18	5.814
2011-08-02	24.782	6.11	9.407	3.087	0.174	5.601
2011-08-03	23.766	5.57	0	4.352	0.166	6.597
2011-08-04	22.795	5.21	0.399	4.042	0.16	6.546
2011-08-05	21.911	4.9	0	3.653	0.153	6.253
2011-08-06	20.977	4.72	0	3.222	0.147	5.865
2011-08-07	19.955	4.65	0	3.428	0.14	6.592
2011-08-08	18.924	4.32	0	2.691	0.133	5.492
2011-08-09	17.914	3.96	0	1.974	0.125	4.232
2011-08-10	16.926	3.67	0	2.564	0.119	5.695
2011-08-11	15.974	3.44	0	2.358	0.112	5.49
2011-08-12	15.077	3.19	0.422	2.034	0.106	4.957
2011-08-13	14.248	2.86	1.449	1.963	0.1	4.894
2011-08-14	13.491	2.57	0	2.136	0.094	5.238
2011-08-15	12.805	2.38	0	2.273	0.09	5.802
2011-08-16	12.194	2.19	0.775	1.726	0.085	4.608
2011-08-17	11.648	1.98	0.01	1.775	0.082	4.746
2011-08-18	11.159	1.95	0	1.786	0.078	4.939
2011-08-19	10.719	1.89	0.058	1.768	0.075	5.059
2011-08-20	10.323	1.83	0.304	1.258	0.072	3.712
2011-08-21	9.964	1.76	0	1.267	0.07	3.786
2011-08-22	9.632	1.59	0	1.433	0.067	4.386
2011-08-23	9.325	1.48	0.027	1.327	0.065	4.17
2011-08-24	9.037	1.34	0.005	1.287	0.063	4.152
2011-08-25	8.768	1.2	0.941	1.331	0.061	4.406
2011-08-26	8.512	1.06	0	1.398	0.06	4.532
2011-08-27	8.269	0.86	0.225	1.29	0.058	4.296
2011-08-28	8.035	0.771	0	1.409	0.056	4.757
2011-08-29	7.824	0.638	6.317	1.223	0.055	4.245
2011-08-30	7.616	0.585	0	1.68	0.053	4.497
2011-08-31	7.412	0.586	0	1.689	0.052	4.681
2011-09-01	7.211	0.567	0	1.681	0.05	4.825
2011-09-02	7.018	0.576	0.03	1.262	0.049	3.755
2011-09-03	6.832	0.527	0	1.025	0.048	3.127
2011-09-04	6.653	0.451	0	1.099	0.047	3.424
2011-09-05	6.488	0.383	4.117	0.975	0.045	3.108
2011-09-06	6.331	0.36	1.445	0.896	0.044	2.443
2011-09-07	6.176	0.349	0	1.212	0.043	3.189
2011-09-08	6.022	0.344	0	1.249	0.042	3.376
2011-09-09	5.899	0.296	13.823	0.911	0.041	2.529
2011-09-10	5.784	0.319	2.587	0.974	0.04	1.772
2011-09-11	5.664	0.28	0	1.223	0.04	2.116
2011-09-12	5.541	0.263	0	1.276	0.039	2.261
2011-09-13	5.417	0.283	0	1.235	0.038	2.247
2011-09-14	5.293	0.276	1.287	1.221	0.037	2.278
2011-09-15	5.169	0.272	1.149	1.196	0.036	2.207
2011-09-16	5.052	0.262	1.393	1.052	0.035	1.93
2011-09-17	4.94	0.216	1.39	0.98	0.035	1.769
2011-09-18	4.836	0.204	2.621	0.756	0.034	1.346
2011-09-19	4.733	0.139	0.146	0.801	0.033	1.363
2011-09-20	4.631	0.144	0	0.732	0.032	1.26
2011-09-21	4.531	0.154	0	0.781	0.032	1.37
2011-09-22	4.431	0.125	0	0.885	0.031	1.581
2011-09-23	4.331	0.103	0	1.084	0.03	1.977
2011-09-24	4.233	0.093	0	1.132	0.03	2.11
2011-09-25	4.136	0.104	0	1.046	0.029	1.986
2011-09-26	4.04	0.111	0	1.168	0.028	2.26
2011-09-27	3.946	0.107	0	1.193	0.028	2.352
2011-09-28	3.862	0.114	2.941	0.9	0.027	1.809
2011-09-29	3.779	0.102	0	0.639	0.026	1.231
2011-09-30	3.699	0.098	1.869	0.588	0.026	1.127
2011-10-01	3.632	0.109	4.107	0.513	0.025	0.949
2011-10-02	3.57	0.122	3.364	0.674	0.025	1.152
2011-10-03	3.508	0.138	1.71	0.714	0.025	1.144
2011-10-04	3.443	0.134	0.168	0.791	0.024	1.237
2011-10-05	3.383	0.125	2.764	0.782	0.024	1.236
2011-10-06	3.32	0.118	0	0.727	0.023	1.098
2011-10-07	3.257	0.12	0.276	0.719	0.023	1.103
2011-10-08	3.193	0.121	0	0.78	0.022	1.21
2011-10-09	3.131	0.106	1.546	0.785	0.022	1.232
2011-10-10	3.184	0.175	9.19	0.768	0.022	1.181
2011-10-11	3.189	0.203	2.387	0.653	0.022	0.869
2011-10-12	3.149	0.174	0	0.616	0.022	0.808
2011-10-13	3.089	0.161	0	0.663	0.022	0.89
2011-10-14	3.025	0.119	0	0.668	0.021	0.901
2011-10-15	2.962	0.098	0	0.616	0.021	0.836
2011-10-16	2.901	0.102	0	0.569	0.02	0.778
2011-10-17	2.844	0.15	0	0	0.02	0.633
2011-10-18	2.79	0.189	0	0	0.02	0.614
2011-10-19	2.739	0.213	0	0.33	0.019	0.619
2011-10-20	2.687	0.228	0	0.519	0.019	0.744
2011-10-21	2.64	0.25	1.127	0.54	0.018	0.775
2011-10-22	2.593	0.282	0	0.458	0.018	0.649
2011-10-23	2.546	0.372	0.035	0.555	0.018	0.788
2011-10-24	2.499	0.321	0	0.448	0.018	0.633
2011-10-25	2.454	0.254	0	0.366	0.017	0.521
2011-10-26	2.409	0.194	0	0.353	0.017	0.505
2011-10-27	2.366	0.211	0	0.364	0.017	0.522
2011-10-28	2.324	0.211	0	0.35	0.016	0.502
2011-10-29	2.283	0.187	0	0.29	0.016	0.421
2011-10-30	2.243	0.192	0	0.198	0.016	0.29
2011-10-31	2.204	0.189	0	0.318	0.015	0.468
2011-11-01	2.167	0.207	0	0.23	0.015	0.339
2011-11-02	2.131	0.181	0	0.19	0.015	0.389
2011-11-03	2.104	0.182	4.731	0.253	0.015	0.378
2011-11-04	2.075	0.251	0	0.311	0.015	0.459
2011-11-05	2.045	0.66	0	0.212	0.014	0.297
2011-11-06	2.015	0.41	0	0.179	0.014	0.251
2011-11-07	2.052	0.255	8.186	0.294	0.014	0.416
2011-11-08	2.12	0.187	0.429	0.05	0.015	0.387
2011-11-09	2.176	0.185	0.044	0.005	0.015	0.291
2011-11-10	2.212	0.189	3.24	0.006	0.015	0.345
2011-11-11	2.221	0.188	0.222	0.043	0.016	0.241
2011-11-12	2.217	0.246	4.411	0.048	0.016	0.253
2011-11-13	2.201	0.294	0.775	0.092	0.015	0.205
2011-11-14	2.176	0.413	0.178	0.089	0.015	0.179
2011-11-15	2.146	0.486	0	0.089	0.015	0.177
2011-11-16	2.114	0.561	0	0.088	0.015	0.176
2011-11-17	2.082	0.606	0.908	0.143	0.015	0.175
2011-11-18	2.051	0.636	0.458	0.164	0.014	0.203
2011-11-19	2.024	0.647	1.907	0.051	0.014	0.211
2011-11-20	2.003	0.675	3.116	0.059	0.014	0.169
2011-11-21	1.987	0.867	3.809	0.057	0.014	0.11
2011-11-22	1.974	1.01	2.842	0.069	0.014	0.098
2011-11-23	1.959	0.982	1.382	0.067	0.014	0.084
2011-11-24	1.939	0.968	0	0.06	0.014	0.071
2011-11-25	1.917	1.11	0	0.045	0.013	0.054
2011-11-26	1.895	1.08	0.498	0.047	0.013	0.056
2011-11-27	1.872	1.06	0	0.049	0.013	0.059
2011-11-28	1.847	1.04	0	0.063	0.013	0.075
2011-11-29	1.822	1.02	0.28	0.058	0.013	0.068
2011-11-30	1.797	0.981	0.008	0.047	0.013	0.055
2011-12-01	1.772	0.887	0	0.043	0.012	0.051
2011-12-02	1.748	0.874	0	0.019	0.012	0.023
2011-12-03	1.724	0.875	0	0.043	0.012	0.051
2011-12-04	1.7	0.864	0	0.043	0.012	0.051
2011-12-05	1.677	0.81	0	0	0.012	0
2011-12-06	1.654	0.779	0	0.007	0.012	0.009
2011-12-07	1.632	0.765	0.121	0.024	0.011	0.029
2011-12-08	1.61	0.731	0	0	0.011	0
2011-12-09	1.589	0.717	0	0.009	0.011	0.011
2011-12-10	1.571	0.723	1.867	0.002	0.011	0.003
2011-12-11	1.561	0.785	3.173	0.03	0.011	0.034
2011-12-12	1.55	0.734	0.737	0	0.011	0
2011-12-13	1.536	0.718	0	0.041	0.011	0.044
2011-12-14	1.522	0.695	0.69	0.029	0.011	0.031
2011-12-15	1.507	0.666	0.33	0	0.011	0
2011-12-16	1.492	0.641	0.203	0.016	0.01	0.017
2011-12-17	1.475	0.602	0	0.009	0.01	0.009
2011-12-18	1.459	0.579	0	0.01	0.01	0.01
2011-12-19	1.442	0.567	0	0.005	0.01	0.005
2011-12-20	1.425	0.529	0	0.007	0.01	0.007
2011-12-21	1.408	0.532	0	0.013	0.01	0.014
2011-12-22	1.392	0.467	0	0.009	0.01	0.01
2011-12-23	1.376	0.393	0.062	0.006	0.01	0.006
2011-12-24	1.36	0.367	0	0.006	0.01	0.007
2011-12-25	1.345	0.426	0	0	0.009	0
2011-12-26	1.329	0.415	0.088	0.043	0.009	0.045
2011-12-27	1.315	0.442	0.471	0.028	0.009	0.03
2011-12-28	1.301	0.429	0	0	0.009	0
2011-12-29	1.288	0.411	0	0	0.009	0
2011-12-30	1.274	0.415	0	0	0.009	0
2011-12-31	1.26	0.408	0	0.011	0.009	0.011
2012-01-01	1.247	0.427	0	0.001	0.009	0.001
2012-01-02	1.234	0.424	0	0.037	0.009	0.039
2012-01-03	1.221	0.428	0	0.071	0.009	0.075
2012-01-04	1.213	0.428	2.095	0.003	0.008	0.004
2012-01-05	1.205	0.425	0	0.068	0.008	0.075
2012-01-06	1.196	0.411	0.015	0.038	0.008	0.057
2012-01-07	1.189	0.393	0.262	0.001	0.008	0.003
2012-01-08	1.181	0.371	0.023	0	0.008	0
2012-01-09	1.173	0.374	0	0	0.008	0
2012-01-10	1.163	0.373	0	0.007	0.008	0.011
2012-01-11	1.153	0.389	0	0.02	0.008	0.032
2012-01-12	1.142	0.403	0	0.015	0.008	0.025
2012-01-13	1.135	0.423	1.808	0.03	0.008	0.048
2012-01-14	1.126	0.397	0	0.011	0.008	0.016
2012-01-15	1.12	0.417	1.503	0.014	0.008	0.019
2012-01-16	1.114	0.422	0.381	0.012	0.008	0.017
2012-01-17	1.106	0.378	0	0.013	0.008	0.016
2012-01-18	1.098	0.354	0	0.018	0.008	0.022
2012-01-19	1.089	0.27	0	0.009	0.008	0.011
2012-01-20	1.079	0.258	0.042	0.006	0.008	0.008
2012-01-21	1.069	0.288	0	0.017	0.007	0.022
2012-01-22	1.061	0.292	0.721	0.015	0.007	0.019
2012-01-23	1.055	0.305	0.755	0.033	0.007	0.043
2012-01-24	1.048	0.348	0	0.007	0.007	0.01
2012-01-25	1.04	0.385	0.472	0.039	0.007	0.047
2012-01-26	1.033	0.373	0.584	0.015	0.007	0.018
2012-01-27	1.033	0.38	4.426	0.002	0.007	0.003
2012-01-28	1.031	0.413	0	0.117	0.007	0.126
2012-01-29	1.029	0.411	0.722	0.108	0.007	0.116
2012-01-30	1.025	0.38	0	0.028	0.007	0.03
2012-01-31	1.019	0.368	0	0.059	0.007	0.063
2012-02-01	1.014	0.358	0.308	0.039	0.007	0.042
2012-02-02	1.012	0.36	2.196	0.061	0.007	0.066
2012-02-03	1.008	0.363	1.195	0.156	0.007	0.162
2012-02-04	1.003	0.351	0	0.049	0.007	0.051
2012-02-05	0.998	0.325	0	0.042	0.007	0.043
2012-02-06	0.991	0.326	0	0.079	0.007	0.082
2012-02-07	0.983	0.344	0	0.124	0.007	0.129
2012-02-08	0.975	0.357	0	0.121	0.007	0.125
2012-02-09	0.967	0.364	0	0.163	0.007	0.17
2012-02-10	0.958	0.363	0	0.155	0.007	0.162
2012-02-11	0.949	0.354	0	0.141	0.007	0.149
2012-02-12	0.94	0.354	0	0.163	0.007	0.172
2012-02-13	0.936	0.356	2.008	0.161	0.007	0.17
2012-02-14	0.931	0.378	0	0.177	0.007	0.185
2012-02-15	0.925	0.38	0	0.219	0.006	0.23
2012-02-16	0.918	0.375	0	0.201	0.006	0.214
2012-02-17	0.912	0.369	0	0.187	0.006	0.2
2012-02-18	0.904	0.363	0	0.193	0.006	0.207
2012-02-19	0.897	0.353	0	0.206	0.006	0.222
2012-02-20	0.89	0.353	0	0.214	0.006	0.231
2012-02-21	0.883	0.386	0	0.272	0.006	0.295
2012-02-22	0.88	0.392	0.962	0.233	0.006	0.36
2012-02-23	0.887	0.399	1.09	0.166	0.006	0.376
2012-02-24	0.897	0.392	0	0.15	0.006	0.332
2012-02-25	0.903	0.379	0	0.151	0.006	0.331
2012-02-26	0.904	0.377	0	0.165	0.006	0.364
2012-02-27	0.902	0.387	0.27	0.151	0.006	0.341
2012-02-28	0.895	0.384	0	0.118	0.006	0.271
2012-02-29	0.888	0.404	1.232	0.149	0.006	0.345
2012-03-01	0.883	0.431	1.755	0.176	0.006	0.381
2012-03-02	0.875	0.376	0	0.184	0.006	0.328
2012-03-03	0.865	0.326	0	0.203	0.006	0.367
2012-03-04	0.856	0.331	0.204	0.213	0.006	0.385
2012-03-05	0.847	0.325	0	0.164	0.006	0.306
2012-03-06	0.838	0.337	0.658	0.129	0.006	0.242
2012-03-07	0.838	0.41	4.495	0.155	0.006	0.271
2012-03-08	0.837	0.393	0	0.148	0.006	0.191
2012-03-09	0.835	0.402	0	0.184	0.006	0.238
2012-03-10	0.831	0.429	0	0.264	0.006	0.345
2012-03-11	0.827	0.383	0	0.164	0.006	0.218
2012-03-12	0.821	0.389	0	0.192	0.006	0.256
2012-03-13	0.815	0.408	0	0.224	0.006	0.303
2012-03-14	0.815	0.422	3.256	0.2	0.006	0.275
2012-03-15	0.813	0.386	0	0.18	0.006	0.214
2012-03-16	0.81	0.356	0	0.2	0.006	0.239
2012-03-17	0.805	0.383	0.084	0.304	0.006	0.365
2012-03-18	0.8	0.389	0	0.333	0.006	0.401
2012-03-19	0.794	0.385	0	0.37	0.006	0.455
2012-03-20	0.788	0.416	0	0.438	0.006	0.548
2012-03-21	0.782	0.489	0	0.483	0.005	0.636
2012-03-22	0.778	0.659	0	0.466	0.005	0.673
2012-03-23	0.81	1.71	0	0.482	0.006	0.81
2012-03-24	1.187	3.93	0	0.184	0.008	1.188
2012-03-25	2.579	10.1	14.945	0.089	0.018	1.347
2012-03-26	3.815	17	2.057	0.049	0.027	1.056
2012-03-27	4.531	19.8	0.576	0.094	0.032	1.029
2012-03-28	4.903	20.4	0.193	0.102	0.034	1.014
2012-03-29	5.073	20.3	0.942	0.104	0.036	1.029
2012-03-30	5.125	19.2	0	0.165	0.036	1.27
2012-03-31	5.112	19.2	0	0.166	0.036	1.475
2012-04-01	5.069	20.4	0	0.144	0.035	1.665
2012-04-02	5.046	21.8	0	0.068	0.035	1.949
2012-04-03	5.058	21.4	0	0.049	0.035	2.111
2012-04-04	5.12	21.5	0	0.053	0.036	2.323
2012-04-05	5.204	20.8	0	0.063	0.036	2.604
2012-04-06	5.28	20.3	0.448	0.08	0.037	2.692
2012-04-07	5.341	20.5	1.289	0.7	0.037	2.853
2012-04-08	5.389	20.6	0.249	1.15	0.038	2.957
2012-04-09	5.417	20.2	0.038	1.302	0.038	2.874
2012-04-10	5.435	19.6	6.947	1.017	0.038	2.018
2012-04-11	5.597	19.3	0	1.33	0.039	2.517
2012-04-12	5.806	19.2	3.316	1.372	0.041	2.505
2012-04-13	6.116	19.2	5.04	0.926	0.043	1.617
2012-04-14	6.535	18.6	0	1.146	0.046	1.99
2012-04-15	7.027	17.9	0	1.654	0.049	2.873
2012-04-16	7.533	17.1	0	2.103	0.053	3.575
2012-04-17	7.936	16	0	2.317	0.056	3.859
2012-04-18	8.184	14.6	0	2.408	0.057	3.993
2012-04-19	8.286	13.4	0	2.587	0.058	4.285
2012-04-20	8.274	12.3	0	2.729	0.058	4.468
2012-04-21	8.185	11.3	0	2.759	0.057	4.568
2012-04-22	8.044	9.99	0	2.636	0.056	4.453
2012-04-23	7.874	9.14	0.259	2.321	0.055	4.005
2012-04-24	7.695	8.17	2.47	1.713	0.054	3.023
2012-04-25	7.517	7.9	4	1.315	0.053	2.24
2012-04-26	7.339	8.11	0	0	0.051	2.054
2012-04-27	7.169	8.34	2.681	0	0.05	1.942
2012-04-28	7.009	8.35	3.319	0.19	0.049	1.549
2012-04-29	6.847	7.81	0	0.504	0.048	1.734
2012-04-30	6.679	7.65	0	1.437	0.047	2.068
2012-05-01	6.507	7.31	0	2.031	0.046	3.081
2012-05-02	6.335	6.86	0	2.306	0.044	3.603
2012-05-03	6.164	6.71	0.005	2.418	0.043	3.896
2012-05-04	5.994	6.56	0.203	2.21	0.042	3.667
2012-05-05	5.833	6.28	1.832	2.132	0.041	3.628
2012-05-06	5.678	6.18	1.081	1.754	0.04	2.961
2012-05-07	5.525	5.78	0	1.573	0.039	2.723
2012-05-08	5.374	5.57	0	2.028	0.038	3.557
2012-05-09	5.227	5.11	1.23	2.009	0.037	3.639
2012-05-10	5.092	4.91	3.689	2.026	0.036	3.65
2012-05-11	4.961	5.19	0.507	1.791	0.035	3.052
2012-05-12	4.932	5.52	11.496	2.006	0.035	3.459
2012-05-13	4.917	6.03	0.059	2.907	0.034	4.126
2012-05-14	4.88	6.45	0	3.371	0.034	4.952
2012-05-15	4.817	6.65	3.1	3.15	0.034	4.796
2012-05-16	4.724	6.75	0	3.718	0.033	5.492
2012-05-17	4.615	7.21	5.669	3.988	0.032	6.118
2012-05-18	4.495	7.64	0.142	2.615	0.031	3.77
2012-05-19	4.375	8.89	0.421	1.872	0.031	2.792
2012-05-20	4.263	8.4	4.97	2.281	0.03	3.462
2012-05-21	4.146	8.84	0.146	3.379	0.029	4.806
2012-05-22	4.03	9.1	0.554	2.86	0.028	4.237
2012-05-23	3.915	8.91	0.915	3.009	0.027	4.586
2012-05-24	5.009	9.21	17.974	2.152	0.035	3.365
2012-05-25	6.177	9.13	0.121	2.726	0.043	3.49
2012-05-26	6.947	9.19	0	3.35	0.049	4.382
2012-05-27	7.327	9.4	0	3.621	0.051	4.945
2012-05-28	7.404	9.17	0.36	3.491	0.052	5.005
2012-05-29	7.268	9.01	0	3.793	0.051	5.652
2012-05-30	7.001	9.04	0	4.19	0.049	6.567
2012-05-31	6.673	8.77	2.525	3.858	0.047	6.405
2012-06-01	6.325	8.17	0	3.23	0.044	5.323
2012-06-02	5.987	7.75	0	2.525	0.042	4.384
2012-06-03	5.671	7.23	0	2.948	0.04	5.327
2012-06-04	5.381	6.75	0	3.162	0.038	5.987
2012-06-05	5.119	6.25	0	3.085	0.036	6.142
2012-06-06	4.893	5.9	5.38	2.485	0.034	5.213
2012-06-07	5.321	6.24	13.111	1.611	0.037	3.03
2012-06-08	5.661	6.92	0.12	2.793	0.04	4.077
2012-06-09	5.737	7.62	1.944	2.343	0.04	3.557
2012-06-10	5.649	8.23	0	3.307	0.04	4.972
2012-06-11	5.481	8.14	0	3.49	0.038	5.54
2012-06-12	5.283	7.85	0.221	3.052	0.037	5.117
2012-06-13	5.079	7.84	0	3.002	0.036	5.265
2012-06-14	4.879	8.21	0	2.926	0.034	5.391
2012-06-15	4.694	8.84	2.932	2.693	0.033	5.213
2012-06-16	4.517	9.15	0	3.456	0.032	6.474
2012-06-17	4.354	9.26	1.281	2.657	0.03	5.293
2012-06-18	4.2	8.98	0	2.773	0.029	5.574
2012-06-19	4.057	8.63	1.515	2.675	0.028	5.658
2012-06-20	3.922	8.56	1.786	2.67	0.027	5.662
2012-06-21	3.804	8.2	8.327	2.251	0.027	4.776
2012-06-22	3.762	7.67	11.315	2.53	0.026	4.424
2012-06-23	4.161	10.5	11.795	3.503	0.029	4.948
2012-06-24	4.489	11.1	0	4.907	0.031	6.111
2012-06-25	4.675	12.3	2.69	4.607	0.033	6.052
2012-06-26	4.722	11.6	0	4.54	0.033	6.058
2012-06-27	4.665	9.95	0	4.085	0.033	5.836
2012-06-28	4.546	8.85	0.734	3.924	0.032	5.982
2012-06-29	4.394	8.24	0	3.993	0.031	6.388
2012-06-30	4.227	7.92	0	3.99	0.03	6.827
2012-07-01	4.061	7.46	0	3.329	0.028	6.118
2012-07-02	3.903	7.08	0	2.815	0.027	5.511
2012-07-03	3.755	6.23	0	2.734	0.026	5.653
2012-07-04	3.617	5.32	0	2.416	0.025	5.286
2012-07-05	3.488	4.59	0.023	2.282	0.024	5.244
2012-07-06	3.366	4.01	0	2.256	0.024	5.434
2012-07-07	3.264	3.85	9.651	2.028	0.023	5.13
2012-07-08	3.162	3.42	0	3.177	0.022	6.143
2012-07-09	3.061	3.15	0	2.882	0.021	5.932
2012-07-10	2.962	3.06	0.011	2.735	0.021	5.967
2012-07-11	2.866	2.65	0	2.824	0.02	6.521
2012-07-12	2.771	2.22	0	2.583	0.019	6.334
2012-07-13	2.684	1.8	4.306	2.257	0.019	5.864
2012-07-14	2.603	1.42	2.584	2.233	0.018	5.217
2012-07-15	2.523	1.15	0.405	2.495	0.018	5.612
2012-07-16	2.447	0.975	1.443	2.466	0.017	5.78
2012-07-17	2.369	0.848	0	2.42	0.017	5.691
2012-07-18	2.292	0.774	0.433	2.366	0.016	5.878
2012-07-19	2.215	0.668	0	2.276	0.016	5.866
2012-07-20	2.14	0.607	0.099	2.165	0.015	5.887
2012-07-21	2.066	0.569	0	2.425	0.014	6.918
2012-07-22	1.994	0.52	0.557	1.933	0.014	5.84
2012-07-23	1.924	0.455	0	1.749	0.013	5.404
2012-07-24	1.856	0.408	0	1.883	0.013	6.059
2012-07-25	1.791	0.377	3.228	1.748	0.013	5.9
2012-07-26	1.728	0.34	0	2.088	0.012	6.317
2012-07-27	1.665	0.303	0	2.103	0.012	6.706
2012-07-28	1.605	0.274	0	1.965	0.011	6.61
2012-07-29	1.552	0.252	4.805	1.805	0.011	6.381
2012-07-30	1.496	0.247	0.298	2.007	0.01	5.906
2012-07-31	1.442	0.207	0	1.747	0.01	5.341
2012-08-01	1.388	0.174	0	1.815	0.01	5.802
2012-08-02	1.336	0.158	0	1.801	0.009	6.034
2012-08-03	1.285	0.151	0.1	1.659	0.009	5.832
2012-08-04	1.238	0.146	4.052	1.476	0.009	5.389
2012-08-05	1.195	0.188	1.921	1.761	0.008	5.457
2012-08-06	1.15	0.15	0.019	1.883	0.008	5.622
2012-08-07	1.109	0.141	1.473	1.751	0.008	5.494
2012-08-08	1.069	0.134	0.22	1.702	0.007	5.23
2012-08-09	1.032	0.108	0.004	1.28	0.007	4.083
2012-08-10	0.997	0.113	0	1.561	0.007	5.158
2012-08-11	0.964	0.127	0	1.606	0.007	5.546
2012-08-12	0.934	0.129	1.487	1.523	0.007	5.502
2012-08-13	0.905	0.14	0.026	1.52	0.006	5.302
2012-08-14	0.876	0.139	0	1.533	0.006	5.578
2012-08-15	0.849	0.129	0.014	1.215	0.006	4.608
2012-08-16	0.824	0.114	1.123	1.199	0.006	4.716
2012-08-17	0.798	0.101	0	1.356	0.006	5.185
2012-08-18	0.773	0.087	0	1.288	0.005	5.131
2012-08-19	0.75	0.084	0.872	1.272	0.005	5.263
2012-08-20	0.728	0.087	3.49	1.246	0.005	5.065
2012-08-21	0.706	0.085	0.32	1.08	0.005	3.757
2012-08-22	0.685	0.093	0	1.099	0.005	3.884
2012-08-23	0.663	0.107	0	1.277	0.005	4.672
2012-08-24	0.643	0.107	0.025	1.219	0.005	4.642
2012-08-25	0.623	0.102	0.128	1.213	0.004	4.78
2012-08-26	0.603	0.085	0.028	1.243	0.004	5.049
2012-08-27	0.585	0.081	0	1.152	0.004	4.85
2012-08-28	0.566	0.059	0	1.109	0.004	4.837
2012-08-29	0.55	0.036	0	0.722	0.004	3.262
2012-08-30	0.534	0.013	0	0.62	0.004	2.875
2012-08-31	0.518	0.004	0	0.662	0.004	3.122
2012-09-01	0.503	0.013	0.319	0.591	0.004	2.849
2012-09-02	0.488	0.029	0.889	0.5	0.003	2.4
2012-09-03	0.474	0.041	0.007	0.56	0.003	2.572
2012-09-04	0.46	0.035	0	0.614	0.003	2.871
2012-09-05	0.446	0.018	0	0.672	0.003	3.209
2012-09-06	0.432	0.005	1.442	0.698	0.003	3.408
2012-09-07	0.424	0.015	4.791	0.689	0.003	3.115
2012-09-08	0.412	0.011	0.726	0.605	0.003	2.124
2012-09-09	0.4	0.011	0.798	0.47	0.003	1.634
2012-09-10	0.388	0.006	0.575	0.443	0.003	1.502
2012-09-11	0.376	0.009	0.51	0.656	0.003	2.197
2012-09-12	0.375	0.063	22.469	0.571	0.003	1.906
2012-09-13	0.369	0.042	1.838	1.089	0.003	1.784
2012-09-14	0.361	0.035	0.227	1.245	0.003	2
2012-09-15	0.351	0.025	0	1.386	0.002	2.272
2012-09-16	0.341	0.013	0	1.502	0.002	2.535
2012-09-17	0.33	0.011	0	1.619	0.002	2.815
2012-09-18	0.318	0.012	0	1.631	0.002	2.925
2012-09-19	0.307	0.019	0	1.297	0.002	2.401
2012-09-20	0.296	0.024	0	1.139	0.002	2.168
2012-09-21	3.668	0.093	34.609	0.935	0.026	1.827
2012-09-22	8.893	0.184	26.602	0.974	0.062	1.298
2012-09-23	13.334	0.19	0.144	0.199	0.093	0.677
2012-09-24	16.242	0.155	0.308	0.208	0.114	0.696
2012-09-25	17.657	0.195	0.013	0.238	0.124	0.776
2012-09-26	17.808	0.229	0.057	0.621	0.125	0.814
2012-09-27	17.054	0.181	0.143	0.646	0.119	0.785
2012-09-28	15.798	0.119	0	0.816	0.111	1.028
2012-09-29	14.351	0.068	0	1.003	0.1	1.317
2012-09-30	12.914	0.054	0	1.012	0.09	1.331
2012-10-01	11.604	0.083	0	1.057	0.081	1.402
2012-10-02	10.47	0.098	0	1.116	0.073	1.494
2012-10-03	9.523	0.081	0.997	1.038	0.067	1.407
2012-10-04	8.745	0.068	0	0.991	0.061	1.34
2012-10-05	8.111	0.053	0	0.983	0.057	1.348
2012-10-06	7.593	0.055	0	1.025	0.053	1.426
2012-10-07	7.166	0.098	0	0.864	0.05	1.218
2012-10-08	6.808	0.138	0	0.919	0.048	1.314
2012-10-09	6.502	0.122	0	0.99	0.046	1.434
2012-10-10	6.235	0.104	0	0.923	0.044	1.351
2012-10-11	5.997	0.099	0.556	0.799	0.042	1.185
2012-10-12	5.782	0.102	0	0.831	0.04	1.232
2012-10-13	5.584	0.127	0	0.774	0.039	1.16
2012-10-14	5.4	0.146	0	0.64	0.038	0.97
2012-10-15	5.227	0.178	0.263	0.522	0.037	0.801
2012-10-16	7.247	0.243	32.003	0.444	0.051	0.685
2012-10-17	9.016	0.219	0.214	0.195	0.063	0.318
2012-10-18	9.702	0.223	0	0.203	0.068	0.331
2012-10-19	9.63	0.247	5.734	0.285	0.067	0.333
2012-10-20	9.253	0.261	2.277	0.293	0.065	0.311
2012-10-21	8.794	0.298	0	0.181	0.062	0.267
2012-10-22	8.337	0.317	0	0.176	0.058	0.261
2012-10-23	7.917	0.324	0.092	0.218	0.055	0.286
2012-10-24	7.556	0.321	5.096	0.161	0.053	0.239
2012-10-25	7.241	0.306	3.396	0.123	0.051	0.146
2012-10-26	6.964	0.295	1.571	0.225	0.049	0.232
2012-10-27	6.724	0.305	3.768	0.135	0.047	0.151
2012-10-28	6.503	0.311	0.146	0.113	0.046	0.119
2012-10-29	6.302	0.27	1.64	0.105	0.044	0.112
2012-10-30	6.112	0.296	0	0.084	0.043	0.088
2012-10-31	5.941	0.333	4.858	0.096	0.042	0.1
2012-11-01	5.776	0.4	0	0.066	0.04	0.067
2012-11-02	5.623	0.46	3.647	0.062	0.039	0.063
2012-11-03	5.48	0.567	3.458	0.111	0.038	0.112
2012-11-04	5.338	0.666	0	0.098	0.037	0.098
2012-11-05	5.198	0.716	0	0.074	0.036	0.074
2012-11-06	5.059	0.824	0	0.056	0.035	0.056
2012-11-07	4.923	0.913	0	0.115	0.034	0.115
2012-11-08	4.791	0.92	0	0.128	0.034	0.128
2012-11-09	4.662	0.897	0	0.116	0.033	0.117
2012-11-10	4.536	0.879	0	0.054	0.032	0.054
2012-11-11	4.414	0.868	0	0.093	0.031	0.093
2012-11-12	4.295	0.846	0	0.094	0.03	0.095
2012-11-13	4.18	0.841	0	0.112	0.029	0.112
2012-11-14	4.094	0.864	11.466	0.087	0.029	0.087
2012-11-15	4.009	0.812	1.183	0.016	0.028	0.016
2012-11-16	3.919	0.728	0	0.041	0.027	0.041
2012-11-17	3.827	0.704	0	0.031	0.027	0.031
2012-11-18	3.733	0.706	0	0.06	0.026	0.06
2012-11-19	3.641	0.781	0	0.037	0.025	0.037
2012-11-20	3.549	0.849	0	0.032	0.025	0.032
2012-11-21	3.459	0.84	0	0.101	0.024	0.101
2012-11-22	3.371	0.823	0	0.042	0.024	0.042
2012-11-23	3.285	0.812	0	0.058	0.023	0.058
2012-11-24	3.206	0.83	0	0.082	0.022	0.082
2012-11-25	3.159	0.832	2.279	0.101	0.022	0.101
2012-11-26	3.142	0.835	14.218	0.069	0.022	0.069
2012-11-27	3.118	0.84	3.615	0.074	0.022	0.074
2012-11-28	3.074	0.86	0	0.067	0.022	0.067
2012-11-29	3.025	0.85	3.294	0.063	0.021	0.063
2012-11-30	2.966	0.845	0	0.034	0.021	0.034
2012-12-01	2.9	0.84	0	0.041	0.02	0.041
2012-12-02	2.832	0.835	0.16	0.023	0.02	0.023
2012-12-03	2.762	0.83	0	0.039	0.019	0.039
2012-12-04	2.692	0.818	0	0.003	0.019	0.003
2012-12-05	2.624	0.81	0	0	0.018	0
2012-12-06	2.557	0.789	0.083	0	0.018	0
2012-12-07	2.492	0.705	0	0.003	0.017	0.003
2012-12-08	2.43	0.667	0	0.02	0.017	0.02
2012-12-09	2.37	0.641	0	0.066	0.017	0.066
2012-12-10	2.315	0.633	1.077	0.012	0.016	0.012
2012-12-11	2.261	0.642	0.07	0	0.016	0
2012-12-12	2.208	0.627	0	0.001	0.015	0.001
2012-12-13	2.156	0.646	0	0	0.015	0
2012-12-14	2.105	0.69	0	0	0.015	0
2012-12-15	2.056	0.658	0	0.01	0.014	0.01
2012-12-16	2.008	0.627	0.686	0	0.014	0
2012-12-17	1.964	0.607	1.105	0.022	0.014	0.022
2012-12-18	1.921	0.583	0	0.014	0.013	0.014
2012-12-19	1.88	0.561	1.225	0	0.013	0
2012-12-20	1.841	0.582	0.224	0	0.013	0
2012-12-21	1.806	0.592	1.954	0	0.013	0
2012-12-22	1.77	0.6	0	0.008	0.012	0.008
2012-12-23	1.734	0.598	0	0.01	0.012	0.01
2012-12-24	1.698	0.601	0	0.014	0.012	0.014
2012-12-25	1.662	0.658	0	0.011	0.012	0.011
2012-12-26	1.634	0.632	3.845	0.002	0.011	0.002
2012-12-27	1.611	0.65	2.845	0.025	0.011	0.025
2012-12-28	1.594	0.647	4.161	0.009	0.011	0.009
2012-12-29	1.573	0.61	0.328	0.009	0.011	0.009
2012-12-30	1.55	0.568	0	0.007	0.011	0.007
2012-12-31	1.524	0.534	0	0.005	0.011	0.005
2013-01-01	1.497	0.53	0	0.009	0.01	0.009
2013-01-02	1.469	0.516	0	0	0.01	0
2013-01-03	1.441	0.529	0	0	0.01	0
2013-01-04	1.412	0.538	0	0	0.01	0
2013-01-05	1.384	0.542	0	0.049	0.01	0.049
2013-01-06	1.361	0.509	2.591	0.025	0.01	0.025
2013-01-07	1.339	0.516	0.309	0	0.009	0
2013-01-08	1.316	0.519	0	0.012	0.009	0.012
2013-01-09	1.292	0.499	0	0.016	0.009	0.016
2013-01-10	1.268	0.429	0	0.012	0.009	0.012
2013-01-11	1.244	0.327	0	0.013	0.009	0.013
2013-01-12	1.22	0.326	0	0	0.009	0
2013-01-13	1.201	0.37	2.101	0.01	0.008	0.01
2013-01-14	1.182	0.363	0	0	0.008	0
2013-01-15	1.162	0.352	0	0.045	0.008	0.045
2013-01-16	1.145	0.329	1.989	0.04	0.008	0.04
2013-01-17	1.135	0.316	4.752	0.033	0.008	0.033
2013-01-18	1.124	0.305	0	0.008	0.008	0.008
2013-01-19	1.111	0.258	0	0.012	0.008	0.012
2013-01-20	1.096	0.217	0	0.009	0.008	0.009
2013-01-21	1.08	0.207	0.042	0.036	0.008	0.036
2013-01-22	1.063	0.226	0	0.068	0.007	0.068
2013-01-23	1.049	0.247	1.775	0.029	0.007	0.029
2013-01-24	1.035	0.241	0.336	0.017	0.007	0.017
2013-01-25	1.02	0.237	0	0.022	0.007	0.022
2013-01-26	1.005	0.236	0.414	0.008	0.007	0.008
2013-01-27	0.99	0.236	0	0.035	0.007	0.035
2013-01-28	0.975	0.226	0.69	0.05	0.007	0.05
2013-01-29	0.964	0.227	1.817	0.014	0.007	0.014
2013-01-30	0.953	0.23	0.352	0.022	0.007	0.022
2013-01-31	0.94	0.271	0.143	0.027	0.007	0.027
2013-02-01	0.927	0.29	0	0.03	0.006	0.03
2013-02-02	0.913	0.299	0.091	0.028	0.006	0.028
2013-02-03	0.899	0.303	0	0.025	0.006	0.025
2013-02-04	0.885	0.321	0	0.031	0.006	0.031
2013-02-05	0.872	0.323	0.324	0.058	0.006	0.058
2013-02-06	0.858	0.324	0	0.039	0.006	0.039
2013-02-07	0.845	0.316	0	0.04	0.006	0.04
2013-02-08	0.836	0.326	2.877	0.054	0.006	0.054
2013-02-09	0.835	0.336	3.251	0.075	0.006	0.075
2013-02-10	0.831	0.305	0	0.047	0.006	0.047
2013-02-11	0.825	0.293	0	0.057	0.006	0.057
2013-02-12	0.825	0.279	3.353	0.068	0.006	0.068
2013-02-13	0.821	0.265	0	0.089	0.006	0.089
2013-02-14	0.815	0.283	0.377	0.095	0.006	0.095
2013-02-15	0.808	0.279	0	0.116	0.006	0.116
2013-02-16	0.799	0.274	0.059	0.178	0.006	0.178
2013-02-17	0.789	0.251	0.503	0.125	0.006	0.125
2013-02-18	0.78	0.318	0	0.107	0.005	0.107
2013-02-19	0.769	0.336	0	0.155	0.005	0.155
2013-02-20	0.758	0.332	0	0.205	0.005	0.205
2013-02-21	0.748	0.328	0	0.19	0.005	0.19
2013-02-22	0.737	0.345	0.153	0.224	0.005	0.224
2013-02-23	0.727	0.348	0.015	0.205	0.005	0.205
2013-02-24	0.719	0.363	1.26	0.222	0.005	0.222
2013-02-25	0.734	0.367	11.251	0.22	0.005	0.22
2013-02-26	0.744	0.376	0	0.136	0.005	0.136
2013-02-27	0.749	0.392	0	0.238	0.005	0.238
2013-02-28	0.769	0.434	0	0.336	0.005	0.336
2013-03-01	0.83	0.418	0	0.292	0.006	0.292
2013-03-02	0.887	0.329	0	0.248	0.006	0.248
2013-03-03	0.924	0.281	0	0.159	0.006	0.159
2013-03-04	0.939	0.285	0	0.181	0.007	0.181
2013-03-05	0.938	0.278	0	0.208	0.007	0.208
2013-03-06	0.925	0.293	0	0.238	0.006	0.238
2013-03-07	0.905	0.308	0	0.276	0.006	0.276
2013-03-08	0.882	0.317	0	0.327	0.006	0.327
2013-03-09	0.858	0.321	0	0.371	0.006	0.371
2013-03-10	0.836	0.328	0	0.398	0.006	0.398
2013-03-11	0.817	0.318	0	0.388	0.006	0.388
2013-03-12	0.801	0.319	0	0.351	0.006	0.351
2013-03-13	0.786	0.319	0	0.399	0.006	0.399
2013-03-14	0.772	0.309	0	0.438	0.005	0.438
2013-03-15	0.76	0.318	0	0.369	0.005	0.369
2013-03-16	0.749	0.315	0	0.456	0.005	0.456
2013-03-17	0.739	0.337	0	0.522	0.005	0.522
2013-03-18	0.732	0.355	0	0.555	0.005	0.555
2013-03-19	0.751	0.345	0	0.548	0.005	0.548
2013-03-20	0.769	0.333	0.839	0.53	0.005	0.53
2013-03-21	0.778	0.357	0	0.567	0.005	0.567
2013-03-22	0.786	0.35	3.902	0.486	0.006	0.486
2013-03-23	0.803	0.349	9.505	0.44	0.006	0.44
2013-03-24	0.809	0.354	0	0.466	0.006	0.466
2013-03-25	0.824	0.408	6.404	0.488	0.006	0.488
2013-03-26	0.847	0.39	0	0.524	0.006	0.524
2013-03-27	0.861	0.39	0	0.529	0.006	0.529
2013-03-28	0.864	0.395	0	0.52	0.006	0.52
2013-03-29	0.857	0.368	0	0.461	0.006	0.462
2013-03-30	0.843	0.371	0	0.543	0.006	0.544
2013-03-31	0.824	0.408	0	0.626	0.006	0.631
2013-04-01	0.804	0.498	0	0.749	0.006	0.762
2013-04-02	2.804	0.844	0	0.746	0.02	0.759
2013-04-03	5.284	1.86	0.59	0.823	0.037	1.003
2013-04-04	7.695	3.16	0	0.471	0.054	0.99
2013-04-05	9.707	4.89	1.217	0.644	0.068	0.987
2013-04-06	11.245	5.55	0.022	0.462	0.079	1.05
2013-04-07	12.259	7.5	0	0.414	0.086	0.994
2013-04-08	12.821	9.26	0	0.431	0.09	1.079
2013-04-09	13.111	12.7	0	1.159	0.092	1.577
2013-04-10	13.991	31.4	0	1.304	0.098	1.889
2013-04-11	15.918	51.6	0	1.21	0.111	1.835
2013-04-12	18.929	68.2	5.112	1.288	0.133	1.98
2013-04-13	22.975	83.4	0	1.542	0.161	2.369
2013-04-14	27.66	98.9	0.399	1.929	0.194	2.961
2013-04-15	32.977	113	0	1.845	0.231	2.725
2013-04-16	38.418	126	0.945	1.549	0.269	2.157
2013-04-17	43.497	140	0	1.766	0.305	2.476
2013-04-18	47.904	150	0	2.348	0.335	3.264
2013-04-19	51.568	154	0.949	2.757	0.361	3.777
2013-04-20	54.548	148	12.065	2.19	0.382	2.956
2013-04-21	57.027	141	0	2.038	0.399	2.611
2013-04-22	59.155	134	0	2.46	0.414	3.134
2013-04-23	60.752	124	0.003	2.651	0.425	3.404
2013-04-24	61.832	119	0.037	2.265	0.433	2.972
2013-04-25	62.615	112	0	2.59	0.438	3.44
2013-04-26	62.807	104	0	1.972	0.44	2.683
2013-04-27	62.658	97.2	1.295	2.582	0.439	3.599
2013-04-28	62.062	92.2	0	3.11	0.435	4.348
2013-04-29	60.991	87.1	0.362	3.354	0.427	4.787
2013-04-30	59.556	81.6	0	2.85	0.417	4.163
2013-05-01	57.908	76.6	0.212	2.79	0.405	4.216
2013-05-02	56.172	70.9	0	2.897	0.393	4.5
2013-05-03	54.525	65.2	0.286	2.807	0.382	4.509
2013-05-04	53.051	59.5	4.25	3.257	0.371	5.367
2013-05-05	51.686	53.4	2.338	1.924	0.362	3.01
2013-05-06	50.344	48.3	4.127	1.618	0.353	2.475
2013-05-07	48.948	43.6	0	3.249	0.343	4.678
2013-05-08	47.488	39.5	0	3.282	0.333	4.941
2013-05-09	45.981	35.9	0.049	3.485	0.322	5.449
2013-05-10	44.459	32.6	2.62	3.065	0.311	5.01
2013-05-11	42.953	29.3	2.11	2.633	0.301	4.209
2013-05-12	41.673	26.4	8.172	2.899	0.292	4.596
2013-05-13	40.512	24.7	12.993	1.531	0.284	2.141
2013-05-14	39.527	24	0	2.662	0.277	3.176
2013-05-15	38.696	23.7	0	3.517	0.271	4.288
2013-05-16	37.925	22.8	0	4.038	0.266	5.14
2013-05-17	37.116	21.3	0	4.219	0.26	5.645
2013-05-18	36.215	20	0	3.937	0.254	5.552
2013-05-19	35.219	18.6	0	3.419	0.247	5.07
2013-05-20	34.156	17.2	0	3.008	0.239	4.683
2013-05-21	33.063	15.9	0	3.399	0.232	5.537
2013-05-22	31.997	14.7	0	3.468	0.224	5.935
2013-05-23	30.923	13.4	0	3.182	0.217	5.733
2013-05-24	29.838	12	0.573	2.902	0.209	5.48
2013-05-25	28.774	11	5.954	2.228	0.201	4.347
2013-05-26	27.749	10.2	0	2.244	0.194	3.88
2013-05-27	26.785	9.45	0	2.808	0.188	5.031
2013-05-28	25.867	8.93	0.923	2.47	0.181	4.635
2013-05-29	25.006	8.33	0	2.403	0.175	4.576
2013-05-30	24.189	7.7	2.779	2.336	0.169	4.628
2013-05-31	23.43	7.29	11.55	2.139	0.164	4.068
2013-06-01	22.772	7.24	2.043	2.187	0.159	3.293
2013-06-02	22.138	6.84	0.036	2.513	0.155	3.758
2013-06-03	21.505	6.89	5.472	2.296	0.151	3.57
2013-06-04	20.925	6.79	0	2.713	0.147	3.902
2013-06-05	20.328	6.76	0	3.698	0.142	5.551
2013-06-06	19.692	6.79	5.011	3.253	0.138	5.16
2013-06-07	19.012	6.76	0	3.801	0.133	5.673
2013-06-08	18.331	6.65	4.05	3.94	0.128	6.202
2013-06-09	17.67	6.45	0.217	2.449	0.124	3.754
2013-06-10	17.041	6.34	1.673	2.928	0.119	4.626
2013-06-11	16.465	7.63	7.498	2.451	0.115	3.887
2013-06-12	15.923	8.24	0	3.581	0.111	5.054
2013-06-13	15.412	8.42	0	3.607	0.108	5.37
2013-06-14	15.145	8.49	9.913	3.247	0.106	5.099
2013-06-15	14.807	8.28	0.754	4.26	0.104	5.742
2013-06-16	14.347	8.66	3.802	4.343	0.1	6.134
2013-06-17	13.82	7.68	7.925	2.516	0.097	3.507
2013-06-18	13.23	7.29	0.681	3.696	0.093	4.663
2013-06-19	12.605	7.54	0	4.543	0.088	5.912
2013-06-20	11.974	8.11	0.965	4.291	0.084	5.958
2013-06-21	11.365	7.54	0.039	3.699	0.08	5.36
2013-06-22	10.798	6.77	0	2.777	0.076	4.26
2013-06-23	10.277	5.77	0	3.287	0.072	5.285
2013-06-24	9.934	5.07	9.746	2.929	0.07	4.979
2013-06-25	10.786	5.05	15.276	2.171	0.076	3.123
2013-06-26	11.542	4.65	0	3.925	0.081	4.837
2013-06-27	11.832	4.07	0	3.112	0.083	3.951
2013-06-28	11.79	3.66	4.172	3.366	0.083	4.472
2013-06-29	11.534	3.4	5.021	2.694	0.081	3.475
2013-06-30	11.141	3.3	0.842	3.389	0.078	4.243
2013-07-01	10.68	3.11	0	4.19	0.075	5.351
2013-07-02	10.201	2.95	0	4.751	0.071	6.413
2013-07-03	9.747	3.36	2.513	4.539	0.068	6.573
2013-07-04	9.327	3.01	0	4.088	0.065	6.02
2013-07-05	8.945	2.98	0	4.477	0.063	7.034
2013-07-06	8.601	2.65	0	4.077	0.06	6.909
2013-07-07	8.29	2.32	0	3.645	0.058	6.625
2013-07-08	8.009	2.07	0.388	3.049	0.056	5.923
2013-07-09	7.752	1.84	0	3.025	0.054	6.164
2013-07-10	7.516	1.65	0	2.648	0.053	5.726
2013-07-11	7.298	1.48	1.213	2.612	0.051	5.965
2013-07-12	7.097	1.37	3.556	2.744	0.05	6.353
2013-07-13	6.92	1.35	4.339	2.457	0.048	5.375
2013-07-14	6.753	1.24	1.639	2.529	0.047	5.103
2013-07-15	6.586	1.17	0	2.974	0.046	5.996
2013-07-16	6.422	1.11	0	2.735	0.045	5.872
2013-07-17	6.261	1.04	0.056	2.476	0.044	5.612
2013-07-18	6.225	1.04	14.621	1.807	0.044	4.311
2013-07-19	6.238	0.95	0.038	2.461	0.044	4.073
2013-07-20	6.231	0.868	0	2.805	0.044	4.825
2013-07-21	6.178	0.817	0.136	3.054	0.043	5.544
2013-07-22	6.084	0.778	0.017	3.029	0.043	5.838
2013-07-23	5.961	0.865	0.989	3.164	0.042	6.475
2013-07-24	5.824	0.892	0	2.263	0.041	4.787
2013-07-25	5.682	0.741	2.651	2.283	0.04	5.063
2013-07-26	5.537	0.656	0.502	2.655	0.039	5.692
2013-07-27	5.398	0.622	2.855	2.609	0.038	5.846
2013-07-28	5.262	0.581	0	2.207	0.037	4.781
2013-07-29	5.128	0.527	0	2.32	0.036	5.261
2013-07-30	4.998	0.461	0	2.238	0.035	5.347
2013-07-31	4.87	0.437	0	2.22	0.034	5.586
2013-08-01	4.747	0.428	0	1.958	0.033	5.197
2013-08-02	4.627	0.388	0	1.917	0.032	5.329
2013-08-03	4.51	0.348	0	1.88	0.032	5.478
2013-08-04	4.398	0.329	0.562	1.462	0.031	4.453
2013-08-05	4.288	0.322	0.58	1.85	0.03	5.717
2013-08-06	4.182	0.311	0.404	1.603	0.029	5.064
2013-08-07	4.079	0.243	0	1.579	0.029	5.11
2013-08-08	4.017	0.247	20.984	1.323	0.028	4.46
2013-08-09	3.957	0.246	2.669	2.016	0.028	3.442
2013-08-10	3.889	0.259	0	2.184	0.027	3.619
2013-08-11	3.814	0.273	0.022	2.43	0.027	4.205
2013-08-12	3.74	0.373	3.664	1.603	0.026	2.911
2013-08-13	3.692	0.504	6.377	1.354	0.026	2.32
2013-08-14	3.633	0.491	0.802	2.235	0.025	3.398
2013-08-15	3.561	0.461	0.26	2.553	0.025	3.974
2013-08-16	3.484	0.453	1.852	2.285	0.024	3.705
2013-08-17	3.408	0.415	3.058	1.983	0.024	3.216
2013-08-18	3.331	0.407	0	2.409	0.023	3.787
2013-08-19	3.255	0.376	0	2.382	0.023	3.912
2013-08-20	3.18	0.441	0.145	2.247	0.022	3.865
2013-08-21	3.117	0.651	6.122	1.94	0.022	3.475
2013-08-22	3.472	0.655	12.564	2.028	0.024	3.251
2013-08-23	3.688	0.598	0	2.773	0.026	3.746
2013-08-24	3.77	0.587	0	2.976	0.026	4.143
2013-08-25	3.77	0.566	0	2.838	0.026	4.151
2013-08-26	3.72	0.52	0	2.893	0.026	4.442
2013-08-27	3.643	0.435	0	2.254	0.026	3.642
2013-08-28	3.553	0.399	0	2.061	0.025	3.481
2013-08-29	3.458	0.35	0	1.949	0.024	3.433
2013-08-30	3.363	0.351	0	2.001	0.024	3.667
2013-08-31	3.279	0.365	3.71	2.004	0.023	3.827
2013-09-01	3.198	0.339	0.262	1.726	0.022	3.114
2013-09-02	3.121	0.319	0.247	1.729	0.022	3.215
2013-09-03	3.046	0.331	0	1.653	0.021	3.162
2013-09-04	2.973	0.299	1.125	1.587	0.021	3.146
2013-09-05	3.007	0.331	10.86	1.189	0.021	2.361
2013-09-06	3.011	0.352	0.004	1.79	0.021	2.795
2013-09-07	3.877	0.357	16.87	1.251	0.027	2.022
2013-09-08	4.83	0.35	0.019	1.719	0.034	2.296
2013-09-09	5.582	0.335	4.583	1.347	0.039	1.822
2013-09-10	6.008	0.306	0	1.865	0.042	2.484
2013-09-11	6.108	0.296	0	1.855	0.043	2.492
2013-09-12	5.964	0.302	0	1.83	0.042	2.507
2013-09-13	5.674	0.287	0.814	1.82	0.04	2.566
2013-09-14	5.325	0.263	0	1.982	0.037	2.829
2013-09-15	4.981	0.271	4.207	1.695	0.035	2.498
2013-09-16	4.669	0.326	1.152	1.661	0.033	2.314
2013-09-17	4.395	0.306	0	1.639	0.031	2.298
2013-09-18	4.166	0.286	2.716	1.357	0.029	1.951
2013-09-19	3.976	0.267	2.654	0.907	0.028	1.29
2013-09-20	3.816	0.245	0	0.941	0.027	1.321
2013-09-21	3.682	0.237	2.763	1.125	0.026	1.598
2013-09-22	3.569	0.332	2.572	1.165	0.025	1.628
2013-09-23	3.467	0.328	0	0.962	0.024	1.325
2013-09-24	3.375	0.32	0	0.248	0.024	1.173
2013-09-25	3.289	0.32	0	0.93	0.023	1.311
2013-09-26	3.21	0.33	1.464	1.154	0.022	1.651
2013-09-27	3.394	0.35	9.912	1.036	0.024	1.472
2013-09-28	3.469	0.38	0.933	0.716	0.024	0.98
2013-09-29	3.455	0.41	0	0.802	0.024	1.094
2013-09-30	3.399	0.45	0	0.891	0.024	1.229
2013-10-01	3.326	0.475	0	0.943	0.023	1.318
2013-10-02	3.248	0.476	0.246	0.96	0.023	1.352
2013-10-03	3.171	0.489	0.017	0.959	0.022	1.351
2013-10-04	3.095	0.483	0.125	0.841	0.022	1.197
2013-10-05	3.022	0.503	0	0.746	0.021	1.074
2013-10-06	2.955	0.562	1.361	0.701	0.021	1.029
2013-10-07	2.894	0.599	1.486	0.102	0.02	0.786
2013-10-08	2.834	0.477	0.08	0.045	0.02	0.651
2013-10-09	2.777	0.446	0	0.044	0.019	0.615
2013-10-10	2.722	0.453	0	0.052	0.019	0.753
2013-10-11	2.667	0.469	0	0.604	0.019	0.925
2013-10-12	2.612	0.48	0	0.696	0.018	1.029
2013-10-13	2.558	0.484	0	0.638	0.018	0.942
2013-10-14	2.506	0.476	0	0.564	0.018	0.839
2013-10-15	2.456	0.47	0	0	0.017	0.663
2013-10-16	2.413	0.451	2.446	0	0.017	0.612
2013-10-17	2.372	0.479	1.073	0.361	0.017	0.611
2013-10-18	2.329	0.52	0	0.467	0.016	0.719
2013-10-19	2.286	0.512	0	0.497	0.016	0.744
2013-10-20	2.243	0.501	0	0.631	0.016	0.942
2013-10-21	2.201	0.499	0	0.479	0.015	0.702
2013-10-22	2.159	0.524	0.093	0.597	0.015	0.874
2013-10-23	2.117	0.55	0	0.457	0.015	0.664
2013-10-24	2.077	0.556	0.03	0.415	0.015	0.606
2013-10-25	2.041	0.553	1.672	0.328	0.014	0.483
2013-10-26	2.005	0.584	0.335	0.371	0.014	0.538
2013-10-27	1.97	0.539	0	0.342	0.014	0.496
2013-10-28	1.935	0.53	0	0.336	0.014	0.492
2013-10-29	1.9	0.547	0	0.191	0.013	0.28
2013-10-30	1.867	0.523	0	0.323	0.013	0.476
2013-10-31	1.834	0.548	0	0.295	0.013	0.438
2013-11-01	1.802	0.533	0	0	0.013	0.315
2013-11-02	1.774	0.521	1.717	0	0.012	0.324
2013-11-03	1.746	0.502	1.053	0.026	0.012	0.327
2013-11-04	1.723	0.525	2.657	0.262	0.012	0.376
2013-11-05	1.754	0.588	19.923	0.218	0.012	0.319
2013-11-06	1.796	0.599	0.479	0.089	0.013	0.145
2013-11-07	1.835	0.654	0	0.06	0.013	0.097
2013-11-08	1.861	0.606	0	0.068	0.013	0.105
2013-11-09	1.869	0.566	0	0.068	0.013	0.106
2013-11-10	1.863	0.579	0	0.037	0.013	0.061
2013-11-11	1.845	0.549	0.12	0.044	0.013	0.072
2013-11-12	1.82	0.561	0	0.038	0.013	0.06
2013-11-13	1.792	0.581	0	0.025	0.013	0.039
2013-11-14	1.762	0.557	0	0.038	0.012	0.061
2013-11-15	1.733	0.545	0	0.063	0.012	0.097
2013-11-16	1.704	0.552	0	0.083	0.012	0.127
2013-11-17	1.681	0.558	2.443	0	0.012	0
2013-11-18	1.657	0.55	0	0.036	0.012	0.05
2013-11-19	1.633	0.523	0	0.043	0.011	0.059
2013-11-20	1.61	0.534	0	0.044	0.011	0.062
2013-11-21	1.588	0.555	0.567	0.036	0.011	0.051
2013-11-22	1.571	0.538	2.805	0.031	0.011	0.042
2013-11-23	1.553	0.526	0	0.018	0.011	0.022
2013-11-24	1.534	0.505	0	0.022	0.011	0.027
2013-11-25	1.515	0.484	0.27	0.011	0.011	0.013
2013-11-26	1.498	0.505	1.831	0.024	0.01	0.028
2013-11-27	1.481	0.489	0	0.015	0.01	0.016
2013-11-28	1.462	0.478	0	0.021	0.01	0.024
2013-11-29	1.444	0.466	0	0.008	0.01	0.009
2013-11-30	1.425	0.462	0	0.006	0.01	0.007
2013-12-01	1.406	0.464	0	0.009	0.01	0.011
2013-12-02	1.387	0.459	0	0.027	0.01	0.031
2013-12-03	1.373	0.434	1.93	0	0.01	0
2013-12-04	1.357	0.424	0.11	0.044	0.01	0.048
2013-12-05	1.341	0.394	0	0.001	0.009	0.002
2013-12-06	1.325	0.393	0	0.023	0.009	0.024
2013-12-07	1.309	0.379	0.736	0.03	0.009	0.033
2013-12-08	1.293	0.382	0	0.027	0.009	0.029
2013-12-09	1.279	0.378	0.397	0.04	0.009	0.043
2013-12-10	1.264	0.361	0	0.032	0.009	0.034
2013-12-11	1.25	0.369	0.926	0.02	0.009	0.021
2013-12-12	1.236	0.393	0.02	0	0.009	0
2013-12-13	1.222	0.385	0	0.021	0.009	0.022
2013-12-14	1.21	0.413	0.853	0.001	0.008	0.001
2013-12-15	1.196	0.407	0	0.031	0.008	0.033
2013-12-16	1.183	0.372	0	0.009	0.008	0.009
2013-12-17	1.17	0.357	0	0.016	0.008	0.016
2013-12-18	1.157	0.363	1.208	0	0.008	0
2013-12-19	1.145	0.398	0.022	0	0.008	0
2013-12-20	1.132	0.373	0	0	0.008	0
2013-12-21	1.12	0.367	0.006	0	0.008	0
2013-12-22	1.108	0.348	0.131	0.04	0.008	0.041
2013-12-23	1.102	0.29	2.974	0	0.008	0
2013-12-24	1.095	0.267	0	0.006	0.008	0.007
2013-12-25	1.088	0.303	0.792	0	0.008	0
2013-12-26	1.082	0.373	0.777	0.001	0.008	0.001
2013-12-27	1.073	0.351	0	0	0.008	0
2013-12-28	1.064	0.356	0	0.044	0.007	0.046
2013-12-29	1.054	0.37	0	0.021	0.007	0.021
2013-12-30	1.048	0.4	2.81	0.052	0.007	0.054
2013-12-31	1.041	0.381	0	0	0.007	0
2014-01-01	1.032	0.374	0	0.031	0.007	0.031
2014-01-02	1.028	0.381	3.385	0.034	0.007	0.035
2014-01-03	1.022	0.391	0.125	0.024	0.007	0.024
2014-01-04	1.015	0.384	0	0.03	0.007	0.03
2014-01-05	1.006	0.372	0	0.003	0.007	0.003
2014-01-06	0.997	0.366	0	0.008	0.007	0.008
2014-01-07	0.987	0.354	0	0	0.007	0
2014-01-08	0.977	0.367	0	0	0.007	0
2014-01-09	0.967	0.371	0	0.026	0.007	0.026
2014-01-10	0.958	0.352	0	0.03	0.007	0.031
2014-01-11	0.951	0.354	0.01	0.018	0.007	0.019
2014-01-12	0.946	0.332	0	0.001	0.007	0.002
2014-01-13	0.943	0.311	0	0.011	0.007	0.013
2014-01-14	0.94	0.308	0	0.012	0.007	0.014
2014-01-15	0.936	0.317	0	0.023	0.007	0.026
2014-01-16	0.928	0.348	0	0.056	0.007	0.063
2014-01-17	0.919	0.348	0.133	0.011	0.006	0.013
2014-01-18	0.912	0.355	1.919	0.086	0.006	0.098
2014-01-19	0.91	0.379	2.747	0.096	0.006	0.105
2014-01-20	0.906	0.37	0.497	0.098	0.006	0.103
2014-01-21	0.9	0.356	0	0	0.006	0
2014-01-22	0.893	0.338	0.554	0.058	0.006	0.061
2014-01-23	0.888	0.35	2.111	0.061	0.006	0.064
2014-01-24	0.898	0.419	6.535	0.068	0.006	0.07
2014-01-25	0.902	0.411	0.005	0.067	0.006	0.068
2014-01-26	0.902	0.38	0	0.021	0.006	0.021
2014-01-27	0.898	0.412	0	0.023	0.006	0.023
2014-01-28	0.901	0.45	5.77	0.058	0.006	0.059
2014-01-29	0.902	0.443	0	0.056	0.006	0.056
2014-01-30	0.899	0.436	0	0.04	0.006	0.04
2014-01-31	0.894	0.443	0.729	0.051	0.006	0.051
2014-02-01	0.894	0.477	2.338	0.118	0.006	0.119
2014-02-02	0.89	0.464	0	0.092	0.006	0.092
2014-02-03	0.885	0.459	0	0.129	0.006	0.129
2014-02-04	0.878	0.448	0	0.101	0.006	0.101
2014-02-05	0.87	0.437	0	0.096	0.006	0.096
2014-02-06	0.866	0.46	2.52	0.11	0.006	0.111
2014-02-07	0.863	0.456	0.878	0.082	0.006	0.082
2014-02-08	0.858	0.436	0	0.064	0.006	0.064
2014-02-09	0.851	0.416	0	0.047	0.006	0.047
2014-02-10	0.844	0.416	0	0.053	0.006	0.053
2014-02-11	0.837	0.453	0.021	0.084	0.006	0.084
2014-02-12	0.829	0.444	0	0.084	0.006	0.084
2014-02-13	0.822	0.445	0.244	0.096	0.006	0.096
2014-02-14	0.815	0.435	0	0.079	0.006	0.079
2014-02-15	0.807	0.421	0	0.09	0.006	0.09
2014-02-16	0.81	0.429	6.631	0.076	0.006	0.076
2014-02-17	0.815	0.471	2.986	0.082	0.006	0.082
2014-02-18	0.817	0.433	0	0.064	0.006	0.064
2014-02-19	0.816	0.345	0.41	0.062	0.006	0.062
2014-02-20	0.813	0.33	0	0.056	0.006	0.056
2014-02-21	0.808	0.402	0	0.085	0.006	0.085
2014-02-22	0.803	0.442	0	0.091	0.006	0.091
2014-02-23	0.797	0.431	0	0.113	0.006	0.113
2014-02-24	0.79	0.427	0	0.152	0.006	0.152
2014-02-25	0.787	0.43	1.42	0.246	0.006	0.246
2014-02-26	0.783	0.413	0	0.297	0.005	0.297
2014-02-27	0.779	0.402	0	0.275	0.005	0.275
2014-02-28	0.774	0.398	0	0.277	0.005	0.277
2014-03-01	0.77	0.4	0	0.339	0.005	0.339
2014-03-02	0.765	0.397	0	0.361	0.005	0.361
2014-03-03	0.761	0.402	0	0.332	0.005	0.332
2014-03-04	0.76	0.396	1.674	0.292	0.005	0.292
2014-03-05	0.758	0.396	0.226	0.291	0.005	0.291
2014-03-06	0.755	0.392	0	0.244	0.005	0.244
2014-03-07	0.753	0.377	0.84	0.18	0.005	0.18
2014-03-08	0.761	0.472	6.291	0.24	0.005	0.24
2014-03-09	0.765	0.492	0	0.212	0.005	0.212
2014-03-10	0.764	0.488	0	0.32	0.005	0.32
2014-03-11	0.762	0.479	0	0.354	0.005	0.354
2014-03-12	0.757	0.485	0	0.31	0.005	0.31
2014-03-13	0.752	0.495	0.377	0.368	0.005	0.368
2014-03-14	0.747	0.491	0	0.408	0.005	0.408
2014-03-15	0.741	0.496	0	0.46	0.005	0.46
2014-03-16	0.74	0.53	1.426	0.469	0.005	0.47
2014-03-17	0.741	0.492	0	0.444	0.005	0.447
2014-03-18	0.745	0.467	0.584	0.437	0.005	0.447
2014-03-19	0.747	0.451	0	0.399	0.005	0.412
2014-03-20	0.747	0.452	0	0.471	0.005	0.49
2014-03-21	0.744	0.501	0	0.622	0.005	0.662
2014-03-22	2.724	0.654	2.724	0.651	0.019	0.854
2014-03-23	5.052	0.769	0	0.195	0.035	0.959
2014-03-24	6.914	0.636	1.058	0.215	0.048	1.044
2014-03-25	8.075	0.628	11.236	0.13	0.057	0.584
2014-03-26	8.501	0.617	0	0.362	0.06	0.646
2014-03-27	8.428	0.631	0	0.481	0.059	0.868
2014-03-28	9.311	0.779	0.11	0.369	0.065	1.322
2014-03-29	9.742	6.11	0.614	0.19	0.068	1.565
2014-03-30	9.53	9.88	0	0.173	0.067	1.661
2014-03-31	8.946	30.3	0.379	0.155	0.063	1.705
2014-04-01	8.273	48.1	0	0.158	0.058	1.799
2014-04-02	7.632	56.4	0.287	0.149	0.053	1.699
2014-04-03	7.072	62.7	0.562	0.023	0.05	1.16
2014-04-04	6.597	71.4	0	0.19	0.046	1.852
2014-04-05	6.207	83	0.549	0.182	0.043	2.046
2014-04-06	5.892	106	0	0.209	0.041	2.548
2014-04-07	5.632	114	0	0.254	0.039	2.423
2014-04-08	5.411	98.9	0	0.693	0.038	2.6
2014-04-09	5.219	91.8	0	1.093	0.037	3.115
2014-04-10	5.051	91.3	0	1.633	0.035	3.496
2014-04-11	4.907	92.8	4.321	0.802	0.034	2.785
2014-04-12	4.776	88.8	0	0.144	0.033	1.087
2014-04-13	4.655	83.4	0.954	0.109	0.033	0.865
2014-04-14	4.543	78.3	1.437	0.151	0.032	0.87
2014-04-15	4.434	73.8	0	0.314	0.031	1.276
2014-04-16	4.326	67.7	0	0.352	0.03	1.559
2014-04-17	4.251	62.5	6.273	0.575	0.03	1.684
2014-04-18	4.316	57.4	0.179	1.115	0.03	2.567
2014-04-19	4.414	52.5	0	1.424	0.031	3.001
2014-04-20	4.502	47.7	0	1.333	0.032	2.646
2014-04-21	4.563	42.8	0.007	1.446	0.032	2.904
2014-04-22	4.596	38.7	0.449	1.671	0.032	3.391
2014-04-23	4.607	35.4	3.955	1.702	0.032	3.238
2014-04-24	4.597	32.4	0	1.671	0.032	2.941
2014-04-25	4.557	29.1	0	1.784	0.032	3.204
2014-04-26	4.488	26.2	0	1.891	0.031	3.346
2014-04-27	4.399	23.8	0	1.577	0.031	2.727
2014-04-28	4.301	21.5	0.515	1.232	0.03	2.161
2014-04-29	4.195	19.7	0.346	1.574	0.029	2.784
2014-04-30	4.084	18.5	1.287	1.842	0.029	3.314
2014-05-01	3.975	17.9	0	1.191	0.028	2.257
2014-05-02	3.865	16.6	0	1.569	0.027	2.844
2014-05-03	3.755	15.6	0.444	2.069	0.026	3.818
2014-05-04	3.645	14.9	1.159	2.605	0.026	4.728
2014-05-05	3.587	14.3	10.108	1.864	0.025	3.301
2014-05-06	3.895	13.9	11.228	1.987	0.027	2.978
2014-05-07	4.106	13.6	0	2.747	0.029	3.862
2014-05-08	4.2	13.6	0.103	2.72	0.029	3.806
2014-05-09	5.538	13.5	19.555	2.26	0.039	3.221
2014-05-10	7.426	13.6	3.118	2.266	0.052	3.078
2014-05-11	9.36	13.7	0.892	2.894	0.066	3.9
2014-05-12	11.037	13.7	0.252	3.278	0.077	4.334
2014-05-13	12.328	14	0	3.515	0.086	4.691
2014-05-14	13.223	13.9	2.671	3.32	0.093	4.591
2014-05-15	13.767	13.5	1.88	2.243	0.096	3.054
2014-05-16	14.028	13.5	0.248	2.112	0.098	2.865
2014-05-17	14.078	13.1	0	2.312	0.099	3.222
2014-05-18	13.938	12.8	0	3.125	0.098	4.496
2014-05-19	13.724	12.7	0.21	3.539	0.096	5.286
2014-05-20	13.413	12.5	0	3.624	0.094	5.589
2014-05-21	13.043	11.9	0	3.65	0.091	5.855
2014-05-22	12.656	11.3	0	3.395	0.089	5.683
2014-05-23	12.266	10.9	0	2.964	0.086	5.184
2014-05-24	11.868	9.84	0	3.16	0.083	5.755
2014-05-25	11.467	8.92	0	3.256	0.08	6.214
2014-05-26	11.012	8.23	0	3.317	0.077	6.639
2014-05-27	10.461	7.73	0	3.208	0.073	6.75
2014-05-28	9.826	7.2	0	3.079	0.069	6.801
2014-05-29	9.149	6.94	0	3.18	0.064	7.359
2014-05-30	8.48	6.63	0	3.01	0.059	7.323
2014-05-31	7.857	5.98	0.035	2.426	0.055	6.193
2014-06-01	7.302	5.41	0	1.901	0.051	5.044
2014-06-02	6.823	5.12	3.723	2.157	0.048	5.912
2014-06-03	6.407	4.78	0.094	2.506	0.045	6.182
2014-06-04	6.049	4.5	0	2.084	0.042	5.348
2014-06-05	5.766	4.55	14.869	1.815	0.04	4.834
2014-06-06	5.521	4.63	0.833	1.998	0.039	3.484
2014-06-07	5.298	4.51	0	2.767	0.037	4.873
2014-06-08	5.091	4.61	0	3.055	0.036	5.637
2014-06-09	4.906	4.92	5.941	2.72	0.034	5.292
2014-06-10	4.732	5.23	0.274	2.703	0.033	4.7
2014-06-11	4.563	4.99	0.093	3.447	0.032	6.222
2014-06-12	4.401	4.93	1.026	3.447	0.031	6.588
2014-06-13	4.25	4.59	0.808	2.312	0.03	4.56
2014-06-14	4.102	4.33	0	2.381	0.029	4.783
2014-06-15	3.961	4.08	0.899	2.066	0.028	4.318
2014-06-16	3.824	3.72	0	2.237	0.027	4.74
2014-06-17	3.695	3.49	2.788	2.596	0.026	5.741
2014-06-18	3.567	3.48	0	3.275	0.025	6.952
2014-06-19	3.448	3.27	7.903	3.074	0.024	6.915
2014-06-20	3.345	3.21	4.428	3.12	0.023	5.845
2014-06-21	3.242	2.88	1.506	2.993	0.023	5.27
2014-06-22	3.138	2.67	0	3.046	0.022	5.431
2014-06-23	3.035	2.52	0.133	2.563	0.021	4.818
2014-06-24	2.933	2.39	0	3.221	0.021	6.325
2014-06-25	2.832	2.28	1.568	3.393	0.02	7.069
2014-06-26	2.743	2.33	6.228	2.818	0.019	5.959
2014-06-27	2.652	2.32	0	2.92	0.019	5.434
2014-06-28	2.561	2.16	0	2.769	0.018	5.435
2014-06-29	2.472	1.99	0.645	2.727	0.017	5.64
2014-06-30	2.385	1.87	1.474	2.134	0.017	4.561
2014-07-01	2.3	1.84	0.297	2.576	0.016	5.481
2014-07-02	2.217	1.75	0	2.541	0.016	5.622
2014-07-03	2.138	1.73	0	2.008	0.015	4.666
2014-07-04	2.063	1.69	0	2.317	0.014	5.606
2014-07-05	2.029	2.05	27.684	2.033	0.014	5.174
2014-07-06	1.985	2	0.911	3.317	0.014	4.363
2014-07-07	1.933	1.98	0	3.807	0.014	5.124
2014-07-08	1.879	2.15	2.837	3.733	0.013	5.331
2014-07-09	1.82	2.14	0	3.849	0.013	5.507
2014-07-10	3.787	2.57	22.995	3.266	0.027	4.975
2014-07-11	5.861	2.85	7.176	3.009	0.041	3.714
2014-07-12	7.316	2.84	4.584	3.262	0.051	3.938
2014-07-13	8.106	2.8	2.601	3.336	0.057	4.018
2014-07-14	8.319	2.68	1.277	4.306	0.058	5.187
2014-07-15	8.112	2.8	3.057	4.779	0.057	5.816
2014-07-16	7.65	2.92	0.01	4.4	0.054	5.413
2014-07-17	7.817	2.94	14.927	3.872	0.055	5.077
2014-07-18	8.105	2.69	0	4.174	0.057	5.016
2014-07-19	8.196	2.33	0.33	4.12	0.057	5.04
2014-07-20	8.083	2.16	0.776	3.747	0.057	4.836
2014-07-21	7.807	1.98	0.79	3.731	0.055	5.018
2014-07-22	7.423	1.83	0	4.254	0.052	5.965
2014-07-23	6.995	2.66	5.319	3.818	0.049	5.728
2014-07-24	6.556	3	0.066	3.561	0.046	5.066
2014-07-25	6.138	2.54	0.303	3.395	0.043	5.111
2014-07-26	5.756	2.33	0.215	3.3	0.04	5.226
2014-07-27	5.416	2.08	0.004	3.255	0.038	5.43
2014-07-28	5.124	1.98	4.746	2.524	0.036	4.466
2014-07-29	4.866	1.77	0.066	3.352	0.034	5.518
2014-07-30	4.641	1.69	2.483	2.977	0.032	5.194
2014-07-31	4.448	1.69	6.14	2.352	0.031	4.077
2014-08-01	4.271	1.63	0	2.767	0.03	4.323
2014-08-02	4.108	1.55	0	3.156	0.029	5.171
2014-08-03	3.962	1.46	2.833	2.954	0.028	5.126
2014-08-04	3.824	1.37	0	3.297	0.027	5.632
2014-08-05	3.701	1.83	7.33	2.882	0.026	5.231
2014-08-06	3.581	1.3	0.652	2.934	0.025	4.685
2014-08-07	3.467	1.14	1.008	2.933	0.024	4.844
2014-08-08	3.357	1.01	0.463	2.822	0.024	4.804
2014-08-09	3.255	0.958	3.05	2.433	0.023	4.313
2014-08-10	3.154	0.855	0	2.407	0.022	4.13
2014-08-11	3.055	0.758	0	2.713	0.021	4.879
2014-08-12	2.959	0.708	0	2.875	0.021	5.455
2014-08-13	2.866	0.683	0.049	2.777	0.02	5.577
2014-08-14	2.776	0.628	0	2.402	0.019	5.098
2014-08-15	2.693	0.599	2.806	2.237	0.019	4.996
2014-08-16	2.611	0.561	0	1.978	0.018	4.243
2014-08-17	2.532	0.528	0	1.892	0.018	4.238
2014-08-18	2.454	0.478	0	1.989	0.017	4.652
2014-08-19	2.377	0.448	0	2.099	0.017	5.136
2014-08-20	2.303	0.388	0	1.704	0.016	4.368
2014-08-21	2.232	0.346	0	1.615	0.016	4.315
2014-08-22	2.163	0.319	0	1.505	0.015	4.185
2014-08-23	2.096	0.302	0	1.542	0.015	4.449
2014-08-24	2.038	0.289	7.933	1.42	0.014	4.268
2014-08-25	1.978	0.268	0	1.816	0.014	4.16
2014-08-26	1.918	0.246	0	1.31	0.013	3.128
2014-08-27	1.86	0.209	0	1.436	0.013	3.543
2014-08-28	1.802	0.156	0	1.536	0.013	3.929
2014-08-29	1.745	0.142	0	1.701	0.012	4.516
2014-08-30	1.69	0.126	0	1.64	0.012	4.531
2014-08-31	1.637	0.098	0.121	1.42	0.011	4.075
2014-09-01	1.586	0.078	0	1.099	0.011	3.255
2014-09-02	1.536	0.062	0	1.055	0.011	3.223
2014-09-03	1.492	0.068	4.346	0.993	0.01	3.123
2014-09-04	1.447	0.056	0.115	0.891	0.01	2.394
2014-09-05	1.404	0.051	0	0.787	0.01	2.155
2014-09-06	1.36	0.036	0	0.951	0.01	2.662
2014-09-07	1.318	0.025	0	0.992	0.009	2.849
2014-09-08	1.276	0.021	0	0.989	0.009	2.919
2014-09-09	1.236	0.02	0	0.861	0.009	2.609
2014-09-10	1.198	0.03	0	0.854	0.008	2.65
2014-09-11	1.16	0.046	0.432	0.823	0.008	2.614
2014-09-12	1.129	0.05	7.913	0.707	0.008	2.252
2014-09-13	1.096	0.049	0	0.764	0.008	1.827
2014-09-14	1.063	0.04	0.022	0.8	0.007	1.954
2014-09-15	1.03	0.038	0.043	0.809	0.007	2.017
2014-09-16	1.001	0.04	4.572	0.631	0.007	1.607
2014-09-17	0.972	0.039	0.562	0.653	0.007	1.454
2014-09-18	0.943	0.043	0.134	0.79	0.007	1.758
2014-09-19	0.914	0.047	1.168	0.85	0.006	1.919
2014-09-20	0.886	0.055	1.093	0.764	0.006	1.701
2014-09-21	0.861	0.083	5.378	0.693	0.006	1.517
2014-09-22	0.837	0.111	1.488	0.904	0.006	1.722
2014-09-23	0.811	0.104	0	1.052	0.006	1.965
2014-09-24	0.786	0.085	0	1.044	0.006	1.987
2014-09-25	0.766	0.078	7.411	0.886	0.005	1.721
2014-09-26	1.719	0.082	14.389	0.819	0.012	1.348
2014-09-27	2.506	0.076	0.027	1.218	0.018	1.636
2014-09-28	2.89	0.078	0	1.28	0.02	1.732
2014-09-29	3.009	0.09	1.446	1.154	0.021	1.574
2014-09-30	2.978	0.134	0	1.088	0.021	1.48
2014-10-01	2.874	0.123	0	1.044	0.02	1.439
2014-10-02	2.741	0.121	1.366	0.894	0.019	1.253
2014-10-03	2.601	0.124	0	0.756	0.018	1.056
2014-10-04	2.468	0.128	0	0.757	0.017	1.076
2014-10-05	2.346	0.126	0	0.787	0.016	1.131
2014-10-06	2.236	0.132	0.293	0.944	0.016	1.38
2014-10-07	2.139	0.15	1.861	0.943	0.015	1.389
2014-10-08	2.052	0.142	0.807	0.666	0.014	0.959
2014-10-09	1.973	0.145	0.863	0.649	0.014	0.938
2014-10-10	1.902	0.175	0.265	0.668	0.013	0.983
2014-10-11	1.837	0.164	0	0	0.013	0.734
2014-10-12	1.777	0.167	0	0	0.012	0.784
2014-10-13	1.719	0.166	0	0.601	0.012	0.895
2014-10-14	1.665	0.165	0	0.578	0.012	0.87
2014-10-15	1.613	0.148	0	0.571	0.011	0.87
2014-10-16	1.564	0.135	0	0.604	0.011	0.927
2014-10-17	1.516	0.153	0	0.627	0.011	0.967
2014-10-18	1.47	0.183	0	0.605	0.01	0.935
2014-10-19	1.426	0.199	0	0.527	0.01	0.818
2014-10-20	1.383	0.214	0	0.5	0.01	0.781
2014-10-21	1.342	0.222	0	0.49	0.009	0.77
2014-10-22	1.303	0.222	0	0.436	0.009	0.689
2014-10-23	1.264	0.216	0	0.36	0.009	0.573
2014-10-24	1.227	0.22	0	0.32	0.009	0.514
2014-10-25	1.191	0.222	0	0.389	0.008	0.629
2014-10-26	1.156	0.229	0	0.294	0.008	0.479
2014-10-27	1.123	0.21	0	0.33	0.008	0.54
2014-10-28	1.09	0.223	0.014	0.24	0.008	0.395
2014-10-29	1.058	0.224	0.033	0	0.007	0.436
2014-10-30	1.03	0.24	2.677	0.001	0.007	0.353
2014-10-31	1.007	0.274	5.629	0.034	0.007	0.263
2014-11-01	0.98	0.279	0	0.075	0.007	0.166
2014-11-02	0.953	0.29	0.286	0.048	0.007	0.104
2014-11-03	0.926	0.292	0	0.07	0.006	0.146
2014-11-04	0.901	0.31	1.951	0.047	0.006	0.098
2014-11-05	0.879	0.311	0.053	0.19	0.006	0.232
2014-11-06	0.859	0.32	0	0.007	0.006	0.289
2014-11-07	0.841	0.329	0	0.008	0.006	0.312
2014-11-08	0.824	0.332	0.136	0.004	0.006	0.176
2014-11-09	0.806	0.323	0.831	0.006	0.006	0.183
2014-11-10	0.786	0.319	0	0.008	0.006	0.106
2014-11-11	0.766	0.302	0	0.008	0.005	0.118
2014-11-12	0.745	0.316	0	0.008	0.005	0.112
2014-11-13	0.724	0.32	0	0.002	0.005	0.028
2014-11-14	0.704	0.324	0	0.008	0.005	0.109
2014-11-15	0.684	0.331	0	0.004	0.005	0.05
2014-11-16	0.665	0.4	0	0.008	0.005	0.112
2014-11-17	0.646	0.425	0	0.005	0.005	0.07
2014-11-18	0.628	0.43	0	0.003	0.004	0.04
2014-11-19	0.613	0.442	3.885	0.01	0.004	0.145
2014-11-20	0.598	0.464	0.223	0.009	0.004	0.032
2014-11-21	0.584	0.482	1.663	0.038	0.004	0.125
2014-11-22	0.569	0.488	1.14	0.042	0.004	0.108
2014-11-23	0.554	0.492	0	0.031	0.004	0.069
2014-11-24	0.54	0.508	1.228	0.006	0.004	0.015
2014-11-25	0.526	0.522	0	0.027	0.004	0.054
2014-11-26	0.512	0.537	0	0.003	0.004	0.007
2014-11-27	0.498	0.531	0	0.042	0.003	0.082
2014-11-28	0.485	0.534	0	0.019	0.003	0.039
2014-11-29	0.471	0.544	0	0.038	0.003	0.077
2014-11-30	0.459	0.555	0	0.033	0.003	0.067
2014-12-01	0.447	0.553	0.681	0.03	0.003	0.058
2014-12-02	0.436	0.563	2.026	0.004	0.003	0.009
2014-12-03	0.425	0.569	0.13	0.013	0.003	0.021
2014-12-04	0.414	0.583	0	0.004	0.003	0.006
2014-12-05	0.403	0.571	0	0.035	0.003	0.055
2014-12-06	0.393	0.566	0	0	0.003	0
2014-12-07	0.383	0.551	1.12	0.03	0.003	0.047
2014-12-08	0.374	0.52	1.343	0	0.003	0
2014-12-09	0.365	0.448	0.016	0.015	0.003	0.02
2014-12-10	0.356	0.42	1.062	0	0.002	0
2014-12-11	0.347	0.417	0	0	0.002	0
2014-12-12	0.338	0.411	0	0	0.002	0
2014-12-13	0.33	0.413	0	0	0.002	0
2014-12-14	0.321	0.406	0	0.048	0.002	0.061
2014-12-15	0.313	0.407	0	0.024	0.002	0.031
2014-12-16	0.305	0.409	0	0.002	0.002	0.003
2014-12-17	0.298	0.398	0	0.05	0.002	0.064
2014-12-18	0.29	0.41	0	0.054	0.002	0.069
2014-12-19	0.283	0.398	0	0	0.002	0
2014-12-20	0.276	0.393	0	0.005	0.002	0.007
2014-12-21	0.269	0.4	0	0	0.002	0
2014-12-22	0.262	0.406	0	0.033	0.002	0.042
2014-12-23	0.256	0.394	0	0	0.002	0
2014-12-24	0.25	0.399	0	0.05	0.002	0.064
2014-12-25	0.244	0.393	0	0.018	0.002	0.023
2014-12-26	0.238	0.391	0	0	0.002	0
2014-12-27	0.232	0.392	0	0.011	0.002	0.014
2014-12-28	0.227	0.381	0.613	0.009	0.002	0.012
2014-12-29	0.222	0.388	0	0	0.002	0
2014-12-30	0.217	0.398	0.393	0.049	0.002	0.059
2014-12-31	0.214	0.398	2.364	0.026	0.001	0.033
